2 0.145625 0.5091666666666667 0.11625 0.16166666666666665
0 0.14381124538508852 0.4596352744243414 0.030516349872690612 0.059399379859104706
2 0.03375 0.40166666666666667 0.0675 0.37666666666666665
1 0.011875 0.5066666666666667 0.02375 0.05
2 0.15273534831316152 0.40789588488503775 0.09168766562698061 0.26569329138580544
0 0.14742219150221655 0.3004298222256017 0.027318624538508873 0.05104180556822598
2 0.311875 0.4475 0.09125 0.285
0 0.30971172590705265 0.3466741406247372 0.035014982940799654 0.0735999838663355
2 0.1254308309675257 0.28726617559508794 0.061055830967525676 0.3362842151436824
0 0.12101859255250823 0.13979041655263358 0.020378171737745275 0.04348847546162546
1 0.12413763364097996 0.353947386836282 0.021519083736472596 0.030998171844643707
2 0.18294493816039875 0.21681529378473888 0.06648447256523497 0.31382784886726456
0 0.1824063328134903 0.08347711225989642 0.025414534404836146 0.047693927660365176
1 0.17593219789941666 0.27270680541618175 0.020269083736472595 0.030988475461625455
2 0.21569264217058007 0.31656803601777334 0.06607037603436197 0.33798966734242203
0 0.21751585868872625 0.16737712839356098 0.023415901336727104 0.03351271641917113
1 0.21115808430934352 0.36994015488317966 0.022812718936981752 0.036007868227662054
2 0.36710991043919816 0.3345614403392306 0.07513309497134373 0.37389087535688326
0 0.36256676642265345 0.17208568129677626 0.027907261871417857 0.04687998709306839
1 0.3665217109802523 0.41040447005558217 0.02283453653723626 0.038507868227662057
2 0.409375 0.205 0.02125 0.31666666666666665
2 0.3552772320178174 0.12463901140337669 0.052414043220871634 0.20539270351223954
0 0.35391770614258133 0.04047719292821914 0.022856354137490768 0.041007868227662
2 0.320625 0.13833333333333334 0.04875 0.27666666666666667
0 0.320625 0.016666666666666666 0.01875 0.03333333333333333
1 0.31610630082748964 0.21994929565996096 0.016519083736472595 0.0309593863125707
2 0.255625 0.08833333333333333 0.05125 0.17666666666666667
1 0.25561860321450847 0.09290987385332826 0.01709317600254536 0.025130901170746494
1 0.159375 0.075 0.04125 0.15
1 0.023765420814762947 0.09720855290321531 0.025421806938254292 0.04852726099369851
2 0.9675 0.18333333333333332 0.065 0.36666666666666664
1 0.9825 0.1975 0.035 0.051666666666666666
1 0.7388830949713437 0.04241591392563398 0.027747266136217946 0.02854665375973506
1 0.8070444576384347 0.046054127717805544 0.027122266136218088 0.028541805568225886
0 0.5175522213558171 0.7620577033601954 0.09734088001272667 0.12574662149240595
2 0.604375 0.8391666666666666 0.36875 0.32166666666666666