2 0.133125 0.3016666666666667 0.26625 0.49666666666666665
1 0.8774840324462676 0.5262465013313664 0.04589150861576997 0.04457150318690803
0 0.8683880990924345 0.25677061155161984 0.04467207247774042 0.056911295907469066
2 0.87 0.38416666666666666 0.1625 0.33166666666666667
1 0.5736988943307666 0.42913917417005126 0.029248170298587794 0.03568304009843738
1 0.6109103879949899 0.41390318157253697 0.029379283070981827 0.038183040098437385
2 0.26625 0.8975 0.1325 0.205
2 0.31 0.6258333333333334 0.145 0.15166666666666667
0 0.2782487113606254 0.8506750705254117 0.04031449594421645 0.08059734073581884
2 0.966875 0.8025 0.06625 0.38166666666666665
2 0.829375 0.7141666666666666 0.08125 0.3283333333333333
2 0.684375 0.9 0.11125 0.2
2 0.5812206008682246 0.7903699847815927 0.08522193081065907 0.40300044992740275
2 0.766875 0.6841666666666667 0.07375 0.2683333333333333
2 0.6375 0.825 0.085 0.35
0 0.6892102050248486 0.8381021451753423 0.04140281930985203 0.06575754801525781
0 0.8881001751217552 0.9002977265017856 0.03323411505238738 0.06422998313768934
0 0.67375 0.5675 0.0225 0.035
0 0.7311851715701749 0.6123321283130316 0.02570355119041693 0.05114255644641332
0 0.9131041670101883 0.746739592016736 0.02999114267548748 0.04984970676510405
1 0.820381362651883 0.7789962401771885 0.019829466041122998 0.03404867036790961
1 0.7191884984873907 0.9009324737787631 0.025629283070981827 0.03786262553955946
1 0.9772609369054136 0.8761073995422684 0.026879283070981898 0.037969430392518766
1 0.5749751751217552 0.8735431108354872 0.02750428307098183 0.03802283281899842
1 0.7553682222563887 0.7617223187301598 0.02027964901126424 0.03076873946105593
0 0.6469021543386348 0.6871632843903046 0.02877170653745793 0.062189499485665184
0 0.8841090737493275 0.6053089179475836 0.022591691585911348 0.03926228007382804
1 0.6 0.5525 0.0175 0.005