2 0.3475 0.3775 0.11 0.285
2 0.2646343138840433 0.2825705004476892 0.09371365671569094 0.413101175747132
2 0.0275 0.10833333333333334 0.055 0.21666666666666667
2 0.084375 0.1075 0.05875 0.215
2 0.101875 0.33666666666666667 0.07625 0.36666666666666664
2 0.184375 0.06333333333333334 0.05875 0.12666666666666668
2 0.24375 0.07916666666666666 0.0725 0.15833333333333333
1 0.012354761645479613 0.1469855360937953 0.02206621393028364 0.036826656986467775
1 0.08140487064597451 0.12227587197810616 0.020191213930283638 0.03681211241194054
0 0.373125 0.018333333333333333 0.02375 0.03666666666666667
0 0.10192097557576325 0.1829686077576748 0.027819575757477396 0.05603210918520764
0 0.144137675711237 0.302677716267127 0.03261773134313813 0.08272786500092896
0 0.16237070737156295 0.05079288098254949 0.025221311171321616 0.05351271641917113
0 0.25548773450852125 0.0975850450222166 0.02657223337849132 0.04019392766036513
0 0.33269380415993943 0.2803753809065275 0.03393589868825586 0.06857574290878991
0 0.4075 0.46 0.025 0.07
1 0.251163161916427 0.38520624980994483 0.02459896879233554 0.0376793830858378
1 0.09999813839751333 0.4680704197793665 0.027822233378491178 0.04020362404338338
1 0.18437938444078442 0.038118346088220866 0.018613665309764542 0.028469082695589048
1 0.23720161781927573 0.07772079438447221 0.021244684757972154 0.031821808794958786
0 0.8291801976474591 0.31051542285405526 0.04387304658516598 0.051158162164445
2 0.833125 0.4008333333333333 0.16875 0.23833333333333334
1 0.5045112672988773 0.4964231458787363 0.025357645861557074 0.025189079468855957
1 0.6236242284024621 0.488830474633826 0.02608091044771271 0.027693927660365034
1 0.6592846408855279 0.47354927952629644 0.02496192989592032 0.031017564610680212
2 0.119375 0.8241666666666667 0.10125 0.3516666666666667
2 0.042297224784417435 0.699759660584868 0.07526908095821341 0.35714178943456126
1 0.1266624577102472 0.9533493924619484 0.02134294934412793 0.034321808794958886
1 0.04149781999010244 0.7589505682090804 0.022789478516439345 0.03933150517797704
0 0.123125 0.5266666666666666 0.02375 0.013333333333333334
0 0.12118090185363897 0.6866439402632085 0.02683161465389247 0.06268907946885605
1 0.8125 0.5233333333333333 0.0225 0.006666666666666667
1 0.87625 0.525 0.0225 0.01