2 0.25375 0.19416666666666665 0.2725 0.3883333333333333
1 0.27383496359039433 0.1787725469640076 0.07216467787060936 0.07572472606641725
1 0.5744069031188489 0.18850696457290725 0.037919138737588017 0.036743382481416044
2 0.57375 0.16333333333333333 0.145 0.32666666666666666
2 0.92 0.21 0.16 0.42
1 0.9715079418415645 0.33704812302434184 0.03354201186299804 0.07718365747012665
2 0.015625 0.5316666666666666 0.03125 0.22333333333333333
2 0.98 0.7058333333333333 0.04 0.345
1 0.980625 0.7608333333333334 0.03875 0.03833333333333333
1 0.4061969952250559 0.7997002237303723 0.026439937551288217 0.028457265792170575
1 0.4705210616281004 0.7968685560085779 0.02896540434976593 0.029465291723114052
1 0.607650729612878 0.7789708029560894 0.026414470752810358 0.02762393245883724
1 0.7278289972022222 0.7647522249374696 0.02581493755128818 0.028413592642768038
1 0.7620883331717774 0.745727208203066 0.02453947075281036 0.02749291301062963