1 0.1951602697364171 0.33692392100007224 0.025133279977412146 0.033326246343963056
1 0.26365545500373594 0.3475613007676843 0.028258279977412145 0.033544612090975645
1 0.3997962486897297 0.35958204733743687 0.02693547576807461 0.03179059912550391
1 0.8415884489156086 0.5856903524776016 0.055715713652111844 0.048755890848617964
0 0.8423931265624731 0.2371858700413433 0.054198570478167764 0.07108119825100781
2 0.82625 0.405 0.2 0.43
1 0.5068482614306816 0.398467806421082 0.032081084186749535 0.035473317654057535
1 0.5723276530120066 0.4063868204416815 0.028476692605424604 0.03854461209097565
1 0.7104890551166754 0.4152052531263083 0.027633279977412144 0.033500938941573015
1 0.3152101667205883 0.9392609202445539 0.06019991996611822 0.051561602894435815
2 0.305 0.81 0.1925 0.38
1 0.01125 0.7225 0.0225 0.025
1 0.12363138134032994 0.7612061920678813 0.029508279977412143 0.03363195838978072
1 0.18787868236442962 0.7255735070081347 0.02443547576807475 0.03161590652789376
2 0.9025 0.81 0.195 0.38
1 0.955625 0.8883333333333333 0.08875 0.11