2 0.209702360007431 0.29542369237356864 0.08260921029740956 0.3810667711283378
2 0.120625 0.14833333333333334 0.10625 0.2966666666666667
2 0.379375 0.4025 0.11625 0.255
2 0.4469081395915836 0.22575049393872101 0.08176606058738799 0.3552868402214841
2 0.30125 0.15333333333333332 0.075 0.30666666666666664
2 0.443125 0.10166666666666667 0.12375 0.20333333333333334
2 0.321875 0.05333333333333334 0.05375 0.10666666666666667
0 0.19286318108343245 0.14278459058447066 0.026733659088108225 0.054529292206226314
0 0.295 0.021666666666666667 0.0225 0.043333333333333335
0 0.3519812579281942 0.03623975242032586 0.01867466738647792 0.03310853218161687
0 0.43944396066758507 0.07231035575242842 0.022510062407456104 0.04587554431401505
0 0.3618436074778215 0.3644873863910408 0.04090057178554275 0.07398407649563202
0 0.3716441063981046 0.315919337861448 0.03378877344521669 0.06922998313768934
2 0.36148116448669293 0.17024621180755362 0.06554403353284485 0.32155858441245244
1 0.15308133079345396 0.17214248406546007 0.01570107070582587 0.024561589142365014
1 0.32881822257528126 0.026495573106926143 0.01714050937808679 0.02800172732865761
1 0.3062831395915836 0.23776603989663955 0.020407588382282425 0.03076873946105574
1 0.20209905444845216 0.3605516027168688 0.024204948050347567 0.031922487353267
1 0.431577360007431 0.2764658309732972 0.020549667386478062 0.03326873946105584
1 0.35155797328482263 0.2498078009499186 0.02107994805034764 0.03165547522086873
1 0.4914517153566284 0.08126469011443144 0.01714050937808679 0.02800172732865761
2 0.183125 0.7458333333333333 0.20125 0.43166666666666664
0 0.169375 0.5391666666666667 0.05375 0.018333333333333333
1 0.22244137262466865 0.8095247929321991 0.04894950107971681 0.051451779559493316
2 0.781875 0.6983333333333334 0.20125 0.33666666666666667
1 0.8211913726246687 0.7145247929321992 0.04894950107971681 0.051451779559493316