2 0.426875 0.115 0.24625 0.23
1 0.37318617149501804 0.15371927720081563 0.08213018198597297 0.08575783941203706
2 0.919375 0.115 0.11125 0.23
1 0.931875 0.22416666666666665 0.03125 0.011666666666666667
2 0.3481593035142126 0.43222717497181556 0.15297487353266973 0.404150754406741
1 0.3056182936434118 0.49497793008851926 0.04688243553340726 0.040563182167999985
1 0.04867254163898188 0.39464192644214857 0.028741606415651547 0.026686759473037114
1 0.1832478007382805 0.4029787435641858 0.028701554595791805 0.025853426139703782
2 0.766875 0.615 0.43375 0.77
1 0.6106842553931356 0.9345213696039262 0.11165699568106334 0.115797328267037
0 0.9202604725433755 0.8833860605854079 0.09781010487264695 0.16529303100266682