2 0.161875 0.215 0.32375 0.43
0 0.09502356266330914 0.05939471708043982 0.11652731818121907 0.11845086153192634
2 0.809375 0.32166666666666666 0.09625 0.21666666666666667
0 0.8130880133139093 0.24474613401231665 0.030567289610167095 0.043798775472096735
2 0.9675 0.2925 0.065 0.275
0 0.98018894772916 0.17716680882666955 0.025556380194586836 0.04288786844896947
1 0.96875 0.4191666666666667 0.025 0.021666666666666667
1 0.9078307701317019 0.1674582939953477 0.031784561363426604 0.04131816889454522
1 0.700081273053142 0.04654002558880052 0.03176274253226639 0.039651502227878554
2 0.358125 0.6491666666666667 0.21875 0.43833333333333335
1 0.4145329633145684 0.6692845502652669 0.06322002142828921 0.055969671122423584
2 0.2725 0.5633333333333334 0.0925 0.26666666666666666
1 0.25740072013236087 0.5959044848716656 0.036730014285525955 0.03722907591767239
2 0.70125 0.6366666666666667 0.1025 0.41333333333333333
1 0.66 0.7175 0.02 0.051666666666666666
0 0.7314266188337964 0.7099262847019197 0.026432296752930143 0.062064231826860425