1 0.27605640365871364 0.33108869926439594 0.02737730771841285 0.03382252933713573
1 0.3430734826629093 0.3257876267666677 0.02862730771841285 0.03396834377634557
2 0.7361432748642994 0.3013693729936305 0.1113785970200179 0.4194465846309629
2 0.525 0.16583333333333333 0.05 0.33166666666666667
2 0.575 0.19416666666666665 0.0825 0.3883333333333333
2 0.618125 0.1475 0.06375 0.295
2 0.675 0.16583333333333333 0.0775 0.33166666666666667
2 0.818125 0.18083333333333335 0.08625 0.3616666666666667
2 0.89 0.165 0.1 0.33
2 0.955 0.17416666666666666 0.09 0.34833333333333333
0 0.50375 0.020833333333333332 0.0075 0.041666666666666664
0 0.56875 0.02666666666666667 0.0275 0.05333333333333334
0 0.61 0.005 0.025 0.01
0 0.6675 0.0175 0.0225 0.035
0 0.7250424639067359 0.128181854099507 0.028031018756173438 0.05624962211753086
0 0.794375 0.005833333333333334 0.02125 0.011666666666666667
0 0.7454959357724757 0.04526556531530952 0.024337702739391034 0.045885086019506124
0 0.749375 0.01 0.02375 0.02
0 0.94875 0.005833333333333334 0.025 0.011666666666666667
1 0.505 0.235 0.01 0.03
1 0.5806316428307344 0.2993774562360498 0.02319174639067356 0.03664551213323459
1 0.6665206760242135 0.20547257606000063 0.021222027054543135 0.03476012380775302
1 0.7626673704652347 0.2588489742251367 0.022329948050347496 0.032405938246962855
1 0.8225059047384307 0.2157978261509146 0.019687869046152003 0.02961430936854318
1 0.882051694780387 0.2340174547276555 0.019347027054543275 0.034541402148938215
1 0.9612279317929739 0.2323311450574335 0.02112730771841285 0.03309345714108635
1 0.7457938466498423 0.3715465413505194 0.0231917463906737 0.03664551213323459
1 0.6137271937006701 0.21750302305975358 0.019782588382282286 0.031280976035209844
2 0.143125 0.9091666666666667 0.17375 0.18166666666666667
0 0.9663491478899533 0.8436355429208907 0.06272821211747782 0.07685327864286402