2 0.49375 0.11083333333333334 0.1325 0.22166666666666668
1 0.49403007908665403 0.050378693579506834 0.04697474031932103 0.047000024703321513
2 0.57875 0.3491666666666667 0.0375 0.38166666666666665
2 0.6269736490337254 0.18814131833746492 0.07199911583220327 0.31471464571231234
0 0.6247739612772844 0.0546915456327622 0.02119693952845452 0.04040868662793997
1 0.6339855261134683 0.2536641466804799 0.02099320514063251 0.0337420199612733
2 0.7094227154367699 0.18135131933054585 0.07716358658501363 0.3408196709121743
0 0.701790092106207 0.03404538494949482 0.024398339923887704 0.04310275224688894
1 0.704635992911946 0.2501115970255669 0.020317271543677008 0.03203654017081684
2 0.7947028502200253 0.18523940116180104 0.0718325182048028 0.3296758325885226
0 0.7978480276803289 0.04227364367632352 0.023671472729976842 0.03973060578976581
1 0.8040481296723676 0.26564579013344664 0.020393671939110333 0.034536540170816844
2 0.675625 0.13 0.05625 0.26
2 0.733125 0.07666666666666666 0.06125 0.15333333333333332
1 0.7411629652316171 0.07251111773165092 0.017090404349766004 0.028509141218534543
2 0.893701137581033 0.31017313967908616 0.07920305733782414 0.36673063049308713
0 0.8863624458702595 0.151995058840912 0.02387520711779871 0.04639727245643248
1 0.8853798194059752 0.40670510924063574 0.023595072334543374 0.03723060578976572
2 0.3825 0.6708333333333333 0.0975 0.26166666666666666
2 0.079375 0.7833333333333333 0.10625 0.43333333333333335
2 0.228125 0.6766666666666666 0.07625 0.2733333333333333
2 0.13375 0.6958333333333333 0.0925 0.31166666666666665
2 0.300625 0.7408333333333333 0.08375 0.40166666666666667
0 0.06499994430339864 0.6074177784398318 0.03298174229648744 0.05860732285615616
0 0.42165632179344714 0.864965535155585 0.037419345855386865 0.08134020159889492
0 0.46535538819649164 0.860581949823633 0.04272494743712002 0.09165070658921327
0 0.45537981940597505 0.6366093487759154 0.03476654506452036 0.07618494910373594
1 0.06287872812037941 0.9273218944585043 0.02455114071475439 0.04810275224688894
1 0.22337535853899637 0.6877533106161738 0.023071939528454523 0.04052512599930935
1 0.3003341751471937 0.7881733620089786 0.025444605536065767 0.03651371182780186
1 0.3841881692156946 0.7453947771735671 0.02299553913302134 0.03802512599930916
2 0.614375 0.8866666666666667 0.10375 0.22666666666666666
0 0.5981408680145224 0.8105387884204683 0.030456275498009687 0.05761873702766365
2 0.72125 0.9408333333333333 0.1125 0.11833333333333333
0 0.709027952212064 0.9146962644619577 0.03540534190105418 0.05626257535131534
2 0.923125 0.8933333333333333 0.10375 0.21333333333333335
0 0.9301548719688552 0.8149678328118793 0.029002541110187678 0.0508744441134174
2 0.7913836589195572 0.7409290937980537 0.07568225852412397 0.3739977517503484
0 0.783369033611828 0.5811231594170028 0.02569927352084335 0.0448470451611352
1 0.7888539383718995 0.8220729321217054 0.02367147272997677 0.03973060578976591
2 0.884375 0.8125 0.08375 0.375
0 0.8763879126687371 0.6538285898008164 0.027828941505621003 0.053296817865837814
1 0.8783658154516424 0.8824724281244679 0.02427100593149902 0.038936085580222275
2 0.821875 0.6725 0.06125 0.265
1 0.8229413873758802 0.7080774780276513 0.01659273834215476 0.032636994761411416
2 0.78375 0.5533333333333333 0.0475 0.02666666666666667
2 0.898125 0.5775 0.05875 0.075
1 0.8975 0.5516666666666666 0.0175 0.023333333333333334
2 0.95875 0.6325 0.065 0.185
1 0.9578925806535146 0.6571162170414769 0.019666804745199187 0.031164393713693717