2 0.026875 0.18 0.05375 0.16
2 0.21875 0.21333333333333335 0.09 0.09333333333333334
2 0.2656795301677498 0.17911549238273408 0.0018895470364722654 0.0008624234670060104
2 0.308125 0.20916666666666667 0.04375 0.10166666666666667
0 0.01772961717372212 0.1294228679821543 0.02843101033422215 0.05375998862719977
0 0.05685784012199988 0.10835739741139035 0.02193371071419449 0.039496354848290734
0 0.11896454756894428 0.16767009857837167 0.025276916261277763 0.05204483840441185
0 0.19323824088194427 0.13881431050283163 0.023270992933027798 0.04451574827073917
0 0.22229268351124987 0.19344641930826167 0.022645992933027798 0.044506051559514884
0 0.24502648123141654 0.10877610748988575 0.02065461664124996 0.037810294759175585
0 0.319375 0.18083333333333335 0.02125 0.041666666666666664
0 0.1125 0.24 0.0225 0.04
0 0.29175548829838877 0.15367972420959447 0.021235975531833446 0.035319991470399825
2 0.06375 0.17 0.0575 0.18
2 0.485625 0.13 0.11875 0.26
0 0.9764858031173052 0.07630811678331384 0.034536062537805494 0.08134725902821781
1 0.458125 0.25 0.02875 0.02
2 0.94875 0.14416666666666667 0.1025 0.23166666666666666
2 0.8925 0.7025 0.215 0.555
0 0.8874672479489165 0.4723421618926008 0.06959425068369456 0.08522360819010846
1 0.9327534855636108 0.7789609288350973 0.062282839589527725 0.06011694436664205
1 0.333125 0.6516666666666666 0.00625 0.03666666666666667
1 0.45801689992502753 0.6490623381710043 0.024927787385944457 0.03204483840441185
1 0.5793832762168053 0.6442768334818396 0.02678824034947226 0.03124059520475119
1 0.6140346699097775 0.6289768192658394 0.024244599240055606 0.028701808359854322