1 0.0938802392247478 0.19687765898579562 0.031123170298587723 0.03378907876087245
1 0.12809356259038332 0.18133464315723832 0.02795446604112307 0.03290726187141795
2 0.52875 0.51 0.1775 0.3566666666666667
2 0.453125 0.1325 0.02625 0.265
2 0.491875 0.18333333333333332 0.09625 0.36666666666666664
1 0.49652420121008745 0.2292304568215788 0.02638539584337593 0.03871150507107852
2 0.52 0.125 0.08 0.25
2 0.584375 0.175 0.08375 0.35
1 0.5865110608145931 0.23951049378317957 0.025978917130699414 0.04286847502652108
2 0.6825 0.16583333333333333 0.095 0.33166666666666667
1 0.7097628905160053 0.20423781820499887 0.02576039584337593 0.038701808359854414
2 0.7425 0.12916666666666668 0.0775 0.25833333333333336
1 0.7433206500196704 0.17619480237644156 0.02246057881351703 0.035319991470399825
2 0.648125 0.03666666666666667 0.06375 0.07333333333333333
2 0.609375 0.0975 0.07875 0.195
2 0.55375 0.05333333333333334 0.0675 0.10666666666666667
2 0.758125 0.0925 0.06625 0.185
0 0.2296189285306658 0.8195190228305017 0.049672072477740414 0.054060586675151116
2 0.22875 0.8933333333333333 0.1675 0.21333333333333335