2 0.679375 0.29083333333333333 0.10125 0.41833333333333333
0 0.71 0.10833333333333334 0.04 0.056666666666666664
1 0.6955600184661387 0.36282523217272533 0.04700644589655553 0.04369209950500893
1 0.2590788335874997 0.2720571477539584 0.024259146276527872 0.029350897944013545
1 0.32966019247808304 0.27400930211342683 0.028677787385944384 0.03188483528457747
1 0.47525609840513866 0.2745463401584663 0.028038240349472263 0.03104665375973506
1 0.5959969521286109 0.3027724576723619 0.025552787385944385 0.031860594327031894
2 0.77625 0.12833333333333333 0.075 0.25666666666666665
1 0.7633520043321943 0.1938067892825172 0.02312552256830557 0.036007868227662054
2 0.940625 0.06916666666666667 0.11875 0.13833333333333334
1 0.99625 0.0375 0.0075 0.035
2 0.296875 0.8275 0.17625 0.345
1 0.2725 0.9858333333333333 0.05 0.028333333333333332
1 0.05224747469691643 0.8500856006284535 0.02610505220358334 0.027698775851874302
1 0.12277064544161093 0.8553710883212553 0.02738414627652787 0.029375138901559315
1 0.3883660288003608 0.8908057587383661 0.027965505167111077 0.026879987093068394
1 0.4522038335874998 0.8494827580626108 0.026119599240055323 0.028532109185207634