2 0.326875 0.20666666666666667 0.18875 0.41333333333333333
1 0.3089509882761176 0.22998574657393192 0.05032785009228505 0.04844792464371646
1 0.08448197162052487 0.07316915208025293 0.026281658235511287 0.028024895918813682
1 0.15351233435954298 0.08273761585699058 0.02765181369509051 0.03059280738142102
1 0.41527461443337105 0.13352986674598621 0.02811660641565169 0.027293429779391355
2 0.74 0.19333333333333333 0.46 0.38666666666666666
1 0.5899280610705068 0.08052344087135282 0.08221028562569231 0.0892444664129594
2 0.405625 0.7558333333333334 0.06875 0.48833333333333334
1 0.013125 0.75 0.02625 0.03666666666666667
1 0.14033697285345248 0.7527829149194406 0.03214696915466973 0.0333304975005467
1 0.1784461437356968 0.7415548369269351 0.027812020974529405 0.033926140714754256
2 0.549375 0.78 0.21875 0.44
0 0.5388737587892217 0.6051470919942258 0.06497481924695478 0.08082766166776026
1 0.6008799531118507 0.9484591937127275 0.06862888648947972 0.06606535178688584
1 0.734905754470285 0.7280035900418469 0.04454264281284623 0.04480898972864982