2 0.113125 0.4091666666666667 0.07625 0.24166666666666667
2 0.018125 0.1225 0.03625 0.245
1 0.014375 0.17361769455589587 0.014375 0.026004482436258296
0 0.01375 0.009166666666666667 0.015 0.018333333333333333
0 0.1125 0.31214104567876044 0.023125 0.039949239861227094
2 0.609375 0.3858333333333333 0.07125 0.28833333333333333
2 0.748125 0.2923901516647594 0.061875 0.33682364179085084
2 0.825625 0.355 0.05875 0.35
2 0.5975 0.14666666666666667 0.07 0.29333333333333333
2 0.784375 0.08166666666666667 0.04625 0.16333333333333333
0 0.603125 0.27309131433670475 0.0325 0.05560433710226505
0 0.75 0.14918783777963365 0.019375 0.04802053429814521
0 0.8225 0.21175392311032762 0.025 0.060080259309434704
0 0.838125 0.06034575184539098 0.02 0.04306420744754774
0 0.739375 0.04844539423979057 0.01875 0.046310194482076
0 0.59 0.018333333333333333 0.0225 0.03666666666666667
1 0.574375 0.009166666666666667 0.01375 0.018333333333333333
1 0.739375 0.36261206090645726 0.016875 0.03367917503386839
1 0.599375 0.5133333333333333 0.02125 0.03333333333333333
1 0.813125 0.4302654925359563 0.018125 0.03126652133267347
1 0.845625 0.23920316297155475 0.020625 0.03060788059695028
1 0.78875 0.08022890637592411 0.015625 0.03025849540172999
1 0.855625 0.01 0.01375 0.02
0 0.82625 0.011666666666666667 0.02 0.023333333333333334
2 0.4 0.9133333333333333 0.0925 0.17333333333333334
2 0.504375 0.9091666666666667 0.06875 0.18166666666666667
2 0.54875 0.8225 0.075 0.355
2 0.650625 0.6991666666666667 0.05625 0.3383333333333333
2 0.618125 0.5666666666666667 0.04875 0.07333333333333333
0 0.4825 0.8608333333333333 0.025 0.06833333333333333
0 0.538125 0.6755889220551999 0.0325 0.06893767043559838
0 0.643125 0.5491666666666667 0.01875 0.03833333333333333
1 0.54125 0.9099739544688794 0.020625 0.037274547263616946
1 0.645 0.7622236972697 0.0175 0.035389514849937694
1 0.61625 0.5375 0.015 0.015