2 0.275 0.255 0.29 0.51
0 0.22125 0.029166666666666667 0.075 0.058333333333333334
1 0.30875 0.475 0.09 0.07
1 0.014708382788217306 0.18833333333333332 0.024426589908902657 0.025833333333333333
2 0.566875 0.255 0.29375 0.51
2 0.11683934097254892 0.7441666666666666 0.10613893422253248 0.44916666666666666
0 0.10494448035811019 0.5525 0.03411508558899335 0.06166666666666667
1 0.10609331839417421 0.835 0.027166670199158388 0.035
2 0.245 0.8158333333333333 0.1 0.36833333333333335
0 0.24595044384117937 0.6625 0.027581354336872862 0.050833333333333335
1 0.22343658380097278 0.9483333333333334 0.02740675048941412 0.04416666666666667
2 0.306875 0.69 0.09375 0.36
1 0.3078294265615423 0.8058333333333333 0.02348214664195538 0.0375
2 0.185625 0.6791666666666667 0.07375 0.3383333333333333
1 0.18875005298737568 0.7216666666666667 0.024194448565684753 0.04083333333333333
0 0.11625 0.5241666666666667 0.0275 0.028333333333333332
2 0.351875 0.6233333333333333 0.07125 0.22666666666666666
1 0.36249012268015635 0.6258333333333334 0.022166670199158318 0.035
2 0.400625 0.61 0.03875 0.2
0 0.945625 0.9841666666666666 0.03375 0.03166666666666667
0 0.5225 0.9758333333333333 0.115 0.04833333333333333