2 0.40625 0.07 0.1275 0.14
1 0.414375 0.018333333333333333 0.03875 0.03666666666666667
2 0.7593606029201222 0.266528345881289 0.1753751785690747 0.46227526882962244
1 0.743598363309296 0.3511356069204041 0.04685001785690759 0.046909729003906664
1 0.5488914980501763 0.22580759436805475 0.024789557792045117 0.03223395627683374
1 0.6813478603878558 0.2255579891720398 0.02534910129856428 0.02724850216427389
1 0.8499014909074133 0.2144853787808888 0.026555463636243816 0.02394426060582096
1 0.054717450322334396 0.6475206562763944 0.029844104869945837 0.03651699004302183
1 0.1915269938288536 0.6457062056257942 0.024789557792045117 0.03223395627683374
1 0.3133147185042125 0.6418759870099628 0.02665364837646507 0.031444260605820964
1 0.3474824396081899 0.6268426774858394 0.02412092012972465 0.028886077056060156
2 0.955 0.8725 0.09 0.255
0 0.9663573503236524 0.7618544657939271 0.039153648376465074 0.031735178354624624
1 0.9328565230498468 0.9710108043223965 0.03984410486994591 0.036749724242064685
1 0.5989242262969167 0.9015911796501134 0.02409910129856428 0.027219410389393583
1 0.6633319545436571 0.905589406056452 0.025963191882984234 0.026429714718380806
1 0.7958428639592373 0.9095064675271036 0.02349592012972465 0.028871531168620096
1 0.9062137840889619 0.9403998770499091 0.023506829545304697 0.029704864501953428