1 0.00875 0.33416666666666667 0.0175 0.065
1 0.2035669080107263 0.15521491331329354 0.028710578813517174 0.03708705400100769
1 0.27222949949579694 0.16222055533137536 0.03321669158591121 0.039926806977915986
1 0.41329154207044383 0.1648078533986639 0.03446669158591121 0.0400238792570326
1 0.5403413591003026 0.1713273563956694 0.026123170298587864 0.03522624277610779
1 0.5750091485070612 0.1564483079318187 0.02929187455605245 0.03630225680723271
2 0.92625 0.4683333333333333 0.1475 0.3233333333333333
0 0.9675008735476464 0.34090774668682144 0.049584663962810964 0.0553068771335406
1 0.9625 0.6041666666666666 0.055 0.051666666666666666
1 0.799375 0.47583333333333333 0.01875 0.03166666666666667
1 0.46 0.9833333333333333 0.0525 0.03333333333333333
0 0.45184501850312714 0.68271924414667 0.054803185250134445 0.05986183291667383
2 0.44125 0.8208333333333333 0.19 0.35833333333333334
1 0.028230996711600547 0.8506368558986207 0.031297987328446554 0.03894786522590759
1 0.1548306307713181 0.8537744894227346 0.029785761783658417 0.03385079294679107
1 0.18887342017807668 0.8388469048193256 0.028317240496334932 0.029587054001007876