2 0.2525 0.3016666666666667 0.3825 0.19666666666666666
0 0.8047892312130167 0.35396707725977034 0.035284896100695275 0.06123662370013695
0 0.9474492207552132 0.2741022425630609 0.03408225576876021 0.062021461986406054
0 0.8409530980997348 0.28491523575371613 0.03374141377715148 0.06699721446287393
0 0.7762529523692154 0.05023686601668136 0.022557422075521458 0.04577592075302713
2 0.9475 0.31916666666666665 0.1 0.16166666666666665
2 0.3575 0.8183333333333334 0.1075 0.36333333333333334
2 0.21125 0.8575 0.1125 0.285
2 0.09625 0.7975 0.095 0.405
2 0.47293435602792905 0.7539684795644302 0.09821629975940879 0.4553127127297231
2 0.5636253643262988 0.7295707602718786 0.10448494838971328 0.4339370163454417
2 0.616875 0.6233333333333333 0.08625 0.4
2 0.155 0.5691666666666667 0.08 0.3383333333333333
2 0.03125 0.7525 0.0625 0.445
2 0.325 0.5341666666666667 0.075 0.2683333333333333
2 0.39 0.535 0.075 0.27
2 0.27122793179297383 0.6214852118593801 0.08433280697806168 0.3865914190198763
0 0.08297802523447509 0.4943260794934894 0.021411465726803983 0.03658500656282835
0 0.006875 0.5616666666666666 0.01375 0.056666666666666664
0 0.07728849312071301 0.6256686108209968 0.03202714141165174 0.047806300272675156
0 0.19679772399436402 0.7446373899185527 0.031686299420043015 0.05278205274914304
0 0.144375 0.41583333333333333 0.02625 0.03166666666666667
0 0.2524283578479971 0.45601559137902825 0.027936299420042873 0.05263656760795053
0 0.318125 0.4058333333333333 0.02875 0.011666666666666667
0 0.3416642312130168 0.6705331459845804 0.026875738092303862 0.055921405894219636
0 0.46064955336873525 0.5598503079448277 0.03284158008391259 0.0511638811295406
0 0.5527326406713006 0.537904093605212 0.027415343071325822 0.04346990094128387
0 0.45691672581443205 0.42803815613696844 0.023854781743586528 0.04665774913342469
0 0.6091519545286492 0.45052783629906656 0.03182837842423851 0.05528205274914304
1 0.09875 0.985 0.0275 0.03
1 0.48565324383025443 0.8344865950918463 0.024536465726804124 0.03670624418048874
1 0.5881345951999498 0.8522251629463132 0.030010062407455962 0.045233557702079
1 0.6346572146162773 0.7009247142088221 0.026837702739391033 0.04427898675108508
1 0.39492983403260484 0.5607296312490312 0.025540343071325678 0.04339715837068752
1 0.3292201771039305 0.6058726113140297 0.022898264067130043 0.040800168276559245
1 0.26889945992723396 0.7017519346182333 0.02515214141165174 0.047539577513822075
1 0.15894608150299533 0.651731594475555 0.024157588382282356 0.030039577513822073
1 0.547854594860584 0.45207076027187865 0.01901550937808679 0.027345597325565338
0 0.2296177030787567 0.5947037200321009 0.030228212117477612 0.0710183959883481
2 0.925625 0.4691666666666667 0.14875 0.13833333333333334