2 0.224375 0.4266666666666667 0.10375 0.3466666666666667
0 0.21110302523447508 0.2852838208740909 0.036875738092303864 0.055261802341492985
1 0.22997940797758148 0.5294117020086846 0.03183770273939089 0.043561198334262294
2 0.32469303569227875 0.3586020540266599 0.10644460531838774 0.38898783918706586
0 0.31459610207923683 0.1919402355515024 0.036250738092303864 0.055256954149983814
1 0.3355563102172125 0.4727347833527627 0.029148264067130045 0.04020847223489265
2 0.39096094623027944 0.2813875417194616 0.09339493793190969 0.3572339050732348
0 0.38070328498273737 0.13390208629398903 0.03311641377715148 0.0660611983342624
1 0.40355640365871376 0.33798148551349133 0.025540343071325678 0.042679383085837796
2 0.1807916323729309 0.36805531959860216 0.07818685062934434 0.3754411854273307
0 0.17299593577247577 0.20887895654891722 0.035483659088108084 0.05275210595847473
1 0.18842586324658187 0.4913838047404264 0.0312600624074561 0.04438968347608655
2 0.12176606058738798 0.2976486271180722 0.09640656996547477 0.37724844964776216
0 0.10915980265919384 0.14184438293379364 0.03388349278134719 0.06856604652577152
1 0.11671943901162664 0.35187832027435756 0.027557422075521316 0.04519392766036522
2 0.07125 0.4116666666666667 0.0775 0.37666666666666665
0 0.07180335784799716 0.25468375633943274 0.028220457428434285 0.05686059432703189
1 0.07341653893142958 0.5031140535029486 0.0312600624074561 0.04438968347608655
2 0.02875 0.2633333333333333 0.0575 0.39
0 0.010625 0.10083333333333333 0.02125 0.055
1 0.016141798679691847 0.35349221244066076 0.024820623735195255 0.04100786822766205
2 0.27 0.06166666666666667 0.0675 0.12333333333333334
1 0.2749447922013901 0.06635900817664378 0.018674667386478064 0.03179756783741316
2 0.35 0.07833333333333334 0.0625 0.15666666666666668
1 0.3511947922013901 0.06576752881253001 0.021326070705825942 0.023488475461625455
2 0.325 0.1375 0.075 0.275
0 0.3121412474703905 0.027720238778235283 0.02226393975197766 0.05098362727011633
1 0.334681497100215 0.20428994161471933 0.023570623735195254 0.04099817184464371
1 0.08306046788623789 0.07868558449478899 0.028182422075521317 0.045198775851874304
2 0.934375 0.4375 0.09125 0.325
2 0.6860564036587138 0.37730496112716094 0.0869935346125618 0.3655139082999677
2 0.6011776197556933 0.23706795534945055 0.06979560315895376 0.2937454296116094
2 0.751875 0.5491666666666667 0.08875 0.10166666666666667
2 0.8793048340326048 0.39998323300052485 0.08007117494449659 0.36462724486003406
2 0.68625 0.11333333333333333 0.0725 0.22666666666666666
2 0.9725 0.1425 0.055 0.285
0 0.5415945324531279 0.25587156325916943 0.023807422075521317 0.045164838511310375
0 0.5248414866424114 0.17013034556450957 0.022083825394869194 0.03682180879495879
0 0.5889696258946292 0.12127825573969939 0.024962702739390892 0.04350786822766196
0 0.6740270479701505 0.1656382944604943 0.02429034307132568 0.042669686702819544
0 0.6718686280540631 0.21567707999256736 0.027178544730999617 0.038527260993698555
0 0.679375 0.008333333333333333 0.01875 0.016666666666666666
0 0.7573601352727158 0.1466504552734285 0.023135062407456105 0.04432665698646796
0 0.7624843037389106 0.225812273748586 0.026885062407456105 0.04435574613552262
0 0.7476114245743211 0.5252261981822183 0.030388939751977803 0.05104665375973506
1 0.6731122561081261 0.44660252896457414 0.020786465726803982 0.035978779078607206
1 0.8806409671458869 0.4675026257665614 0.02842854473099962 0.038536957376716904
1 0.93772553063306 0.5587668925379703 0.02510478174358653 0.046007868227662056
1 0.8076084722051057 0.30466380796715925 0.02026550937808679 0.026812112411940536
1 0.9839804263943891 0.21742449909617842 0.017907588382282427 0.029292719645904033
0 0.9730403430713257 0.024924499096178394 0.025540343071325678 0.042679383085837796
0 0.7925 0.5841666666666666 0.045 0.03166666666666667
0 0.870996767306281 0.16577778080178518 0.026695623735195254 0.041022412802189386
0 0.9450122766843677 0.19188205725339283 0.02779422041584738 0.04936059432703189
2 0.8051170584279541 0.23882077825080772 0.06896251585638837 0.31206421837041537
0 0.26740823303308486 0.7912001290693164 0.10309850323915086 0.1432369251093877
2 0.265 0.85 0.41 0.3
2 0.930625 0.7641666666666667 0.13875 0.3283333333333333
1 0.990625 0.7558333333333334 0.01875 0.04833333333333333
1 0.49702298374262627 0.6491316181136288 0.02982994805034757 0.030218168617910806
1 0.642988825734235 0.6429971413004926 0.029877307718412852 0.031051501951244138
1 0.7710191063981046 0.6403365953744544 0.030597027054543133 0.032723016809419886
1 0.8069469130368004 0.6233838854087491 0.030407588382282427 0.029389683476086646