2 0.4075 0.175 0.1225 0.35
2 0.03875 0.051666666666666666 0.0775 0.10333333333333333
2 0.19 0.17333333333333334 0.09 0.3466666666666667
1 0.18743062031790358 0.20410003701999263 0.024128972122887688 0.039230491704020855
1 0.4143433236929118 0.24451334769157237 0.024194448565684753 0.04173049170402086
2 0.63375 0.1925 0.0675 0.385
1 0.61625 0.215 0.0325 0.06
1 0.07731549233900978 0.5745058324629903 0.028263891832631883 0.030233557702078903
1 0.2960436668580774 0.5651858658934231 0.030248019237293703 0.03447296693934187
1 0.4291250158962127 0.55835447671442 0.027638891832631886 0.030209310178546788
1 0.4655635062775659 0.5402572061593596 0.025182542794496783 0.031778986751085085
2 0.568125 0.6 0.06375 0.18
1 0.5635079548432507 0.5773321733452178 0.03912897212288783 0.03981243226879125
1 0.613125 0.615 0.02625 0.03333333333333333