2 0.51875 0.1525 0.0825 0.305
2 0.27686875395672883 0.2836299290012705 0.0940792754402895 0.3918327818174629
2 0.2083011316140856 0.1754650359282652 0.0772122483033312 0.3439836805188985
2 0.134375 0.3458333333333333 0.10625 0.28833333333333333
2 0.10200508864696428 0.2512528389595668 0.10191213930283631 0.3687030909082921
0 0.09903768430531074 0.09632556839676766 0.02515580144721781 0.05220486450195343
0 0.12618355947465287 0.24682012856973387 0.031105692446722982 0.07648789826814152
0 0.19829229534115866 0.032029881382850574 0.023774781999010203 0.04884243939373969
0 0.25788063364943864 0.13415779869836006 0.02811702713695837 0.04811092727248763
0 0.26972553640840063 0.117782049780497 0.02041784034363303 0.05875516406909857
0 0.5225 0.013333333333333334 0.0225 0.02666666666666667
1 0.11125 0.4841666666666667 0.025 0.011666666666666667
1 0.26198648529986707 0.36570809826550527 0.02111100768875076 0.04461758917731231
1 0.20769559837106805 0.2553777606036241 0.02134294934412793 0.03463213506475247
1 0.09083474988602276 0.3642225251068955 0.019500704206179834 0.035421830735765145
2 0.69125 0.06166666666666667 0.07 0.12333333333333334
1 0.6915518358202654 0.019589957572322493 0.02186968475797215 0.03214668095219262
2 0.303176290817791 0.6942075467496348 0.0919395789228605 0.40094126493436877
0 0.2927115440971514 0.5232869380916604 0.034563556309269786 0.05325638614688946
1 0.3068829054716836 0.7567366385245151 0.029762743102594982 0.04232123160147486
2 0.39875 0.6358333333333334 0.095 0.2916666666666667
1 0.4085365943003619 0.7058179225062519 0.02713172365438737 0.03892971471838071
2 0.46375 0.5925 0.0825 0.205
1 0.4759923455443692 0.5791719121159796 0.02347998824054315 0.04134243939373969
2 0.261875 0.635 0.06875 0.29
1 0.2679416915413999 0.7191972186114377 0.029170497964646956 0.04314001904736794
2 0.206875 0.6016666666666667 0.08625 0.22333333333333333
1 0.2014181587510439 0.5836050549756332 0.025420497964646956 0.04305274372272682
2 0.156875 0.6608333333333334 0.06875 0.3416666666666667
0 0.159375 0.5033333333333333 0.02625 0.02666666666666667
1 0.15774250474807466 0.7274559298678588 0.029170497964646956 0.04314001904736794
2 0.10625 0.5866666666666667 0.0725 0.19333333333333333
2 0.0525 0.615 0.0675 0.25
1 0.10520091361309582 0.5821983216431785 0.023414478516439345 0.039675772727073025
1 0.05799039212953517 0.6202304090895111 0.025881723654387442 0.038900622943500406
2 0.03125 0.6675 0.0625 0.355
0 0.014375 0.49666666666666665 0.02875 0.013333333333333334
1 0.01375 0.7108333333333333 0.0275 0.03833333333333333
2 0.768125 0.645 0.10125 0.31