2 0.145625 0.4475 0.12375 0.105
0 0.16729665519096215 0.43059416641261483 0.03707911558409023 0.06473968969819491
2 0.97125 0.2525 0.0575 0.385
1 0.9721565766205691 0.3063137773568698 0.0436486519478467 0.04167307912371465
1 0.6483442834390206 0.2663497470229638 0.027980014285525955 0.037733557702079
1 0.7814147363611199 0.25701835784396054 0.027344104869945908 0.03687597684521355
1 0.8979701999973636 0.27584165180032394 0.027333195454365865 0.03604264351188022
2 0.159375 0.8583333333333333 0.09125 0.2833333333333333
2 0.2425 0.6766666666666666 0.055 0.35333333333333333
2 0.28875 0.6866666666666666 0.0575 0.37333333333333335
2 0.16625 0.6658333333333334 0.0775 0.33166666666666667
2 0.0875 0.585 0.0575 0.17
1 0.08537375908929143 0.5863015515090253 0.018506829545304696 0.02986984484909745
1 0.23903790324443372 0.7170760699573925 0.02108319545436572 0.03580016827655925
1 0.28141473636111997 0.7537848192140754 0.020381829545304698 0.02994258741969361
1 0.32366523928256025 0.8763753968511558 0.021072286038785536 0.03496683494322572
0 0.03336009999868189 0.5299565151053239 0.02751865551922805 0.05020931017854688
0 0.15678881980277684 0.7394434097302959 0.02941547435038828 0.0519487194158099
0 0.1575 0.5075 0.025 0.015
0 0.24625 0.51 0.025 0.02
0 0.2772082847389031 0.5279999809278062 0.021806380194586836 0.043324415800091366
0 0.335625 0.6091666666666666 0.00875 0.045
2 0.32375 0.7866666666666666 0.0325 0.4266666666666667
2 0.69375 0.5483333333333333 0.08 0.09666666666666666
2 0.434375 0.77 0.09375 0.46
2 0.66375 0.8383333333333334 0.1125 0.3233333333333333
2 0.51625 0.56 0.0675 0.12
2 0.3625 0.6216666666666667 0.045 0.24333333333333335
0 0.42290474350388296 0.5794280797400059 0.03389956850618965 0.060451785413867656
0 0.651874351295269 0.7306262286978548 0.03673776038917396 0.08638210884132945
1 0.4155462415540592 0.9248887826871157 0.02620319902574721 0.04516081513148265
1 0.508125 0.5116666666666667 0.01875 0.023333333333333334