2 0.03125 0.33916666666666667 0.0625 0.44166666666666665
0 0.03134421296683087 0.16698549865879328 0.030818755745486755 0.06406977585825037
0 0.0125 0.15333333333333332 0.025 0.056666666666666664
2 0.5203070445933317 0.2797365149058703 0.08073129021840714 0.436953506888151
2 0.6656766466415307 0.21185886571674806 0.08035552394957676 0.37133378326073607
2 0.7548097435692321 0.3399226321151734 0.11386245443903846 0.4256705712513845
2 0.871386779292131 0.2562017355481748 0.09494893657758922 0.37756203906976776
2 0.946875 0.165 0.06875 0.33
2 0.602023524514274 0.17547168002953242 0.061842429239483465 0.33239191774578575
0 0.7574905876543363 0.16366207937000296 0.03151655995482414 0.0657898449513967
0 0.8832667770745227 0.09912895496001198 0.026449919966118215 0.04958269463270587
0 0.871500983388529 0.09561430885689887 0.022772724175455606 0.0509289467404947
0 0.951875 0.0075 0.02125 0.015
1 0.9339170171761683 0.24648857576965905 0.022815290500755623 0.037649015833641025
1 0.8658715688252571 0.3393748616020693 0.023367486291418372 0.03603575159345401
1 0.712231358358383 0.40989161258028955 0.02399248629141823 0.03608915401993348
1 0.6572912509073379 0.2889316463049109 0.02149248629141823 0.03587554431401524
1 0.5125164109751016 0.3719161003469924 0.022190290500755765 0.03759561340716156
0 0.5377633118297919 0.09553755130306485 0.03519991996611815 0.05033032860342075
0 0.5704268296912413 0.05148760353390041 0.024866136803468067 0.05608915401993367
0 0.5954206654706098 0.03940363149993961 0.023215713652111846 0.046815682500307695
0 0.6115552949359723 0.029072025495263935 0.020934126280124303 0.051602072794389074
0 0.7579811412386845 0.023181457531686222 0.02590388839608707 0.03708269463270587
0 0.7641829939118727 0.08226242483573448 0.02600693048946198 0.053695958872892885
0 0.79375 0.008333333333333333 0.0225 0.016666666666666666
0 0.86125 0.01 0.025 0.02
1 0.4250695560843052 0.14780539090931522 0.04421089891943076 0.04279803166728205
2 0.2 0.815 0.4 0.37
0 0.950625 0.8166666666666667 0.09875 0.11666666666666667
2 0.910625 0.8691666666666666 0.17875 0.26166666666666666
1 0.40875 0.9925 0.0175 0.015
1 0.5425 0.9925 0.03 0.015
1 0.69625 0.9916666666666667 0.025 0.016666666666666666