2 0.274375 0.2375 0.08625 0.145
2 0.38 0.18083333333333335 0.065 0.25833333333333336
2 0.3525 0.06333333333333334 0.055 0.12666666666666668
0 0.2679047273368073 0.19775476768818648 0.0342242129936551 0.06886349518421876
0 0.3764186297669144 0.07337785469361127 0.019819448565684752 0.04258150363192101
0 0.281875 0.013333333333333334 0.02625 0.02666666666666667
1 0.3721031321291672 0.2859943993801838 0.01839484471822601 0.035798292278681934
1 0.3499146629427642 0.056705477265635504 0.015007938947038042 0.02550693056225062
1 0.01885511819061101 0.23384558641349476 0.0355535759703465 0.04820497888074423
1 0.045283678264744796 0.6516483696525442 0.030313495680090695 0.03857213346778754
1 0.16418645663127115 0.6568867815436001 0.02957936827542895 0.03434719445783457
1 0.1989106643261887 0.646758427091011 0.026454368275429088 0.034055832741403266
2 0.536875 0.8641666666666666 0.07375 0.27166666666666667
2 0.510625 0.5408333333333334 0.02125 0.3516666666666667
2 0.5533392455952728 0.5748651582993051 0.0596528101589518 0.3256116654828065
1 0.5400813013494973 0.6504829227868192 0.021563495680090767 0.03775632066177991
1 0.5851765157265767 0.8902612549362924 0.02361309952754951 0.044597804358305286
1 0.6469582927096786 0.5886060097922439 0.022166670199158318 0.03698125967173287
1 0.7178967883897694 0.5592991789069715 0.01884524087076727 0.029189897955301566
1 0.7693709907859493 0.6033607224096839 0.01859127404661706 0.043298292278681934
1 0.9165733729999345 0.6045547230819547 0.01904167019915832 0.03668989795530138
0 0.538384861423631 0.7630994674733916 0.03571429328391083 0.07814670653745794
0 0.6165515475190021 0.5774173316378839 0.023722226932211186 0.04876447102497195
0 0.5973293258855285 0.5697775556626766 0.022944448565684752 0.04287286534835241
0 0.5582777518728386 0.4341483696525443 0.02165079760382014 0.041089653995113246
0 0.5735337100571701 0.3779303612048419 0.02169444856568475 0.04275632066177991
0 0.6207420398580118 0.4174173316378839 0.018438495680090695 0.0374649589453486
0 0.6555396629427642 0.38056403817534185 0.023569448565684752 0.04293113769163862
0 0.7241666490042081 0.36774905692687737 0.023787703375008108 0.051264471024971954
0 0.7752995826525085 0.40091899475297016 0.02169444856568475 0.04275632066177991
2 0.7242281427266423 0.5089320243199282 0.060888923625057316 0.34900327115942614
2 0.7843511566651984 0.533751108285362 0.06434130583904249 0.36179463287585745
2 0.8493670080655863 0.7545025497433759 0.09030162700006557 0.4007921932739744
0 0.8487321042520548 0.5873697043304191 0.0333809581843316 0.06047188950759922
2 0.925382901855875 0.5552539912013899 0.06903574910598963 0.3505941449554808
0 0.9198928374618319 0.4060465727187626 0.01671627404661706 0.04312347524882312
0 0.9844761354702481 0.7629227092265412 0.027755958184331745 0.059947438418022705
2 0.965 0.86 0.07 0.28
0 0.7053154075592087 0.872224605837301 0.03424603847458741 0.069696828517552
0 0.5728927791757187 0.9526039584337593 0.03569246780297845 0.0773133732041246
0 0.6824939994257678 0.6671023503894195 0.02762500529873762 0.054947438418022895
0 0.8023035176842334 0.7334071849869537 0.025517863955519714 0.06971434904487789
2 0.708125 0.92 0.09625 0.16
2 0.5996209748897365 0.7454185514388253 0.08590480151913325 0.3995509535376372
2 0.686875 0.8108333333333333 0.10375 0.37833333333333335