2 0.070625 0.5275 0.11625 0.165
2 0.266875 0.10333333333333333 0.08625 0.20666666666666667
2 0.07055160542821114 0.2538504139919375 0.0889545073441829 0.3781810529170146
2 0.12 0.425 0.1025 0.37
2 0.01625 0.041666666666666664 0.0325 0.08333333333333333
2 0.123125 0.04666666666666667 0.14875 0.09333333333333334
0 0.06938959630823803 0.4897309639693585 0.032740227824781414 0.0662193046885856
0 0.10951584364455279 0.2826783259474394 0.029077636339710864 0.06762393245883724
0 0.12271511176398789 0.2684715296260554 0.024121340597175446 0.06810788059695028
1 0.10016770680063886 0.5440392805682883 0.02781021287323469 0.043457265792170574
1 0.06643026483103569 0.3205607538080067 0.0256292830709819 0.03749291301062973
1 0.006875 0.029166666666666667 0.01375 0.025
1 0.27875058236509753 0.10728765988432142 0.01777964901126424 0.03030216855113257
2 0.38375 0.36083333333333334 0.0475 0.49833333333333335
2 0.62625 0.4425 0.14 0.335
2 0.630625 0.095 0.07875 0.19
2 0.461875 0.15916666666666668 0.09875 0.31833333333333336
2 0.5425 0.1175 0.0925 0.235
0 0.37875 0.5825 0.0375 0.055
0 0.365 0.16666666666666666 0.01 0.08666666666666667
0 0.6348966239313383 0.33935562309816164 0.0469141300039341 0.08713644082603897
2 0.415625 0.1 0.07375 0.2
2 0.383125 0.10416666666666667 0.04625 0.20833333333333334
1 0.5472080841408876 0.09972033348530299 0.020729831981405482 0.027187200964811874
1 0.4074703096856759 0.10450311895147067 0.02116687455605245 0.03552053429814521
1 0.44059988393920646 0.18521606332065194 0.0250042830709819 0.03744923986122709
1 0.6228330841408877 0.09443588240759633 0.021123170298587866 0.03468720096481188
2 0.764375 0.07833333333333334 0.09375 0.15666666666666668
2 0.06375 0.7308333333333333 0.085 0.24166666666666667
2 0.143125 0.7633333333333333 0.08125 0.30666666666666664
1 0.051168039286247476 0.7503577132529151 0.019960578813517173 0.036266521332673565
1 0.12579669868907195 0.8115652362442649 0.021079466041123 0.03385386763147854
1 0.170625 0.6141666666666666 0.02375 0.008333333333333333
1 0.45575270324905853 0.8972733960504365 0.0722900448546402 0.07230404643427885
1 0.6834357952383323 0.6879084733916879 0.028710578813517174 0.03687794542430898
1 0.7488859782084734 0.6866561260377553 0.030716691585911206 0.03950896487251659