2 0.38625 0.235 0.0875 0.47
1 0.401875 0.2875 0.05625 0.09833333333333333
2 0.025625 0.6758333333333333 0.05125 0.3616666666666667
2 0.240625 0.94 0.13875 0.12
2 0.07375 0.5725 0.055 0.205
0 0.010625 0.5341666666666667 0.02125 0.045
1 0.00875 0.7583333333333333 0.0175 0.04
1 0.06506628399472866 0.6080303443272582 0.018263173458010158 0.03307421471385794
0 0.25911528118189553 0.9480812133432958 0.03714043848512489 0.06369696556727414
0 0.23401710530383568 0.9275226589256285 0.04027998305965212 0.06727297959839916
2 0.816875 0.8316666666666667 0.18375 0.33666666666666667
1 0.49476168133900894 0.9357154922991564 0.02888090117074654 0.03223266241968266
1 0.5315821391845312 0.9203518600652156 0.025134537314378348 0.03277477891566605