2 0.325 0.5733333333333334 0.11 0.41333333333333333
1 0.3293102862944234 0.7006599027446258 0.02775672365438737 0.041190358304346926
2 0.546875 0.5358333333333334 0.25375 0.48833333333333334
1 0.607644240161919 0.5727014600696833 0.02670591044771271 0.030289000566941886
1 0.7362959755757632 0.5842144873084641 0.026607645861557217 0.027789000566941884
1 0.8586649561275557 0.5942139371731943 0.02295591044771271 0.029880854142511452
1 0.9025158783347251 0.5857103365289553 0.024732645861557215 0.027584927354726573
2 0.038125 0.89 0.07625 0.22
2 0.08375 0.8491666666666666 0.1 0.13833333333333334
1 0.9014677227490644 0.9213919559078476 0.0340748909995051 0.027771960082469606
2 0.9025 0.89 0.125 0.22
1 0.46782130257724786 0.8451524016235284 0.03134294934412793 0.03743183806211088
1 0.6024282442326251 0.8498456729030268 0.02894121393028364 0.039659740445823675
1 0.7178239601982618 0.8565968543229678 0.029896420171816516 0.032295789253967276
1 0.7535826372674833 0.8480422697591293 0.02617917503386849 0.032720976162870175