2 0.434375 0.195 0.19125 0.39
1 0.500625 0.17166666666666666 0.05875 0.06333333333333334
1 0.008125 0.0475 0.01625 0.035
1 0.13256084165224294 0.03926982749842684 0.029972027054543132 0.03293635200509073
1 0.16980539468161232 0.021207418247421117 0.026752307718412707 0.031221201782302803
2 0.155625 0.6966666666666667 0.31125 0.21333333333333335
2 0.90625 0.8108333333333333 0.1125 0.37833333333333335
2 0.639375 0.7925 0.09875 0.405
0 0.6425 0.6075 0.03 0.035
0 0.9246733780848728 0.6638584788033514 0.03360865908810808 0.0529751388499876
1 0.627000373766005 0.8583092692552763 0.02611798340326061 0.04203514169318775