2 0.299375 0.4533333333333333 0.09875 0.21333333333333335
0 0.27758588778618587 0.3914591388015264 0.03856747866147586 0.07893067406915236
2 0.499375 0.5166666666666667 0.17625 0.08666666666666667
2 0.3747219363947332 0.2858902627980814 0.08370326445562298 0.41358787661867874
0 0.36994797511744887 0.10927699855789437 0.026833609490398515 0.062136097059185526
1 0.3756111474668648 0.35578345794512206 0.024169138737588015 0.036142556446413135
2 0.3069863545846636 0.3948023861794027 0.0988879126687371 0.29852328274640116
0 0.29259226840995567 0.27056121159591556 0.03200020711779885 0.047616718897502325
2 0.28375 0.24833333333333332 0.0675 0.20666666666666667
0 0.27406405338349143 0.17422615093392457 0.02527800790866536 0.052029292206226214
2 0.275625 0.1425 0.05125 0.155
0 0.273265039543327 0.08688635821336348 0.023173806722365596 0.044369084926787344
2 0.27625 0.065 0.0525 0.13
0 0.275625 0.008333333333333333 0.01875 0.016666666666666666
2 0.313684178280915 0.12441737774824731 0.05585736364988406 0.19593886078503772
0 0.3082671664179169 0.04915036561584912 0.021669138737588012 0.035928946740494704
2 0.36625 0.08583333333333333 0.0675 0.17166666666666666
0 0.36125 0.0175 0.0225 0.035
2 0.4205411276952013 0.2349488472105339 0.06179325456979129 0.34937899897133035
0 0.41082976997681636 0.0803549611320301 0.023071939528454523 0.04103575159345401
2 0.47838173916276616 0.31220166316722164 0.08594859647084548 0.40546815299126404
1 0.4816181494440312 0.37730846802018086 0.02489600593149902 0.03952929220622612
0 0.47990871148243724 0.13778908985849767 0.026528007908665358 0.052136097059185524
2 0.5082077253226016 0.22747858934416285 0.07002012176370215 0.353406563848899
0 0.48979730120117226 0.07380373596161083 0.02512520711779885 0.047029292206226314
2 0.5696062723642883 0.31916508409991545 0.0732077253226018 0.37612017355481747
1 0.5694746846227197 0.3964514743939969 0.024398339923887704 0.04364255644641332
2 0.6658955359993 0.3082757935375927 0.08463599291194597 0.38291475056478436
0 0.6690545102961374 0.146470025081828 0.029129875102576364 0.055683040098437386
1 0.6903564794820872 0.37436494755752636 0.02427100593149902 0.03947588977974647
2 0.7246869265089014 0.2534558289061176 0.06714978974847981 0.3614728850498341
1 0.723916541930799 0.35063541434723977 0.021044138737588015 0.03587554431401524
0 0.7183297699768164 0.10662895496001198 0.024296472729976842 0.04030922311307999
0 0.7092487015966055 0.09504798765596371 0.024398339923887846 0.04364255644641323
2 0.635 0.12166666666666667 0.0575 0.24333333333333335
0 0.634375 0.019166666666666665 0.02125 0.03833333333333333
2 0.5961173209728358 0.20756173390427146 0.07096664705655911 0.3027868402214841
0 0.5817232347981277 0.08332055932078428 0.02467847470714318 0.05280922311307999
2 0.564924635193561 0.08437869380583403 0.04292655495035205 0.13997761710840423
0 0.5697484944788066 0.03824605140396377 0.023773339923887846 0.04358915401993367
2 0.543125 0.13333333333333333 0.05875 0.26666666666666666
2 0.601875 0.035833333333333335 0.06375 0.07166666666666667
2 0.7412584518017583 0.20417116594069373 0.05777691662306978 0.3199453201722655
0 0.7263040960605397 0.061596658023873235 0.025240871148243683 0.030416027966039205
2 0.19375 0.7366666666666667 0.1125 0.35333333333333333
1 0.1934305458851317 0.8001237729740391 0.040622873125410026 0.04419768620155044
0 0.229375 0.5808333333333333 0.03875 0.041666666666666664
2 0.674375 0.8225 0.08125 0.355
2 0.4 0.8233333333333334 0.09 0.35333333333333333
2 0.313125 0.8108333333333333 0.09375 0.37833333333333335
2 0.51625 0.8233333333333334 0.0975 0.35333333333333333
2 0.5825 0.8191666666666667 0.0775 0.3616666666666667
2 0.44789574311709884 0.7815384511578702 0.07909906326932316 0.40571405963332113
1 0.32773443482787257 0.929191299195276 0.024143671939110264 0.0353092231130798
1 0.4133063743563271 0.9755672934366938 0.024372873125410022 0.0428092231130798
1 0.524375 0.9866666666666667 0.02375 0.02666666666666667
1 0.45190995418923036 0.8516986584373092 0.02286820514063251 0.03436908492678735
1 0.568718096881151 0.9206913715762293 0.022944605536065695 0.036869084926787345
1 0.6762944972765844 0.9323765889307268 0.023518671939110333 0.035255820686600145
0 0.3056822585241239 0.6563497791460573 0.029359076288876195 0.06318304009843738
0 0.261875 0.5725 0.02375 0.025
0 0.378125 0.5741666666666667 0.03125 0.028333333333333332
0 0.3981429948891123 0.6833666025052307 0.02875954308735402 0.06396297100529107
0 0.43864491464590344 0.6012180365989924 0.023122873125410025 0.04270241826012068
0 0.5089855261134683 0.6795389010852729 0.025660009885831697 0.06452929220622632
0 0.5679530573378241 0.6712787982675053 0.025903007908665357 0.05208269463270596
0 0.6640247897484798 0.6736694386120361 0.025622873125410024 0.04291602796603911
0 0.6554318442885263 0.5964687476805731 0.02694927352084335 0.045522832818998514
0 0.678125 0.5675 0.02875 0.015
0 0.4825 0.5675 0.025 0.015