1 0.03633680999630771 0.15156538649655515 0.030191865514950216 0.03312912258730061
1 0.16802738001476475 0.12811359497482053 0.02589696915466966 0.034319618425464944
1 0.2057835200516788 0.10576682180125384 0.02569671005537103 0.030152951758798282
2 0.855 0.10333333333333333 0.135 0.20666666666666667
1 0.8147831826061267 0.10806412392721332 0.03883753917312674 0.0448467731735667
2 0.391875 0.6966666666666667 0.16125 0.41333333333333333
0 0.4125 0.5083333333333333 0.0425 0.03666666666666667
1 0.3657537779180498 0.7465495838164401 0.048172487353267 0.04503380590130973
1 0.06464719802879189 0.7246094441953117 0.029062020974529403 0.035493073779157
1 0.19426250894795025 0.705528392552459 0.026521969154669735 0.034387642829536845
1 0.23373344170542537 0.6863108795000104 0.023821710055371027 0.02994887854658316
2 0.7172337791509774 0.7415325433319678 0.0821738371354752 0.39027182254865206
2 0.91875 0.5866666666666667 0.1625 0.19333333333333333
1 0.7104165761904752 0.8575019254734447 0.02367733189368778 0.039880854142511454
0 0.7203484694647466 0.5861753808271368 0.026898264651162834 0.05515295175879828
2 0.73125 0.5108333333333334 0.0575 0.041666666666666664