2 0.505625 0.2375 0.21125 0.475
0 0.50875 0.019166666666666665 0.06 0.03833333333333333
1 0.5330354728365932 0.3010295533245012 0.055859020735185255 0.04661981584599867
2 0.398125 0.1775 0.11875 0.355
0 0.4168220200564076 0.017841318484286054 0.04077317534403676 0.03444621861708138
1 0.3667925555510746 0.2312211143948891 0.041726257832258966 0.03950449096036759
1 0.037713906239148685 0.2006136066997983 0.025499773270518347 0.028881015711544555
1 0.10192486499503758 0.1971115553413136 0.027320092855814836 0.02822249940806993
1 0.2343701845803338 0.18559115189796008 0.024984134099925937 0.030489410034924922
1 0.34251105048040786 0.20366855281291188 0.025038814514629734 0.03132274336825825
2 0.73625 0.49666666666666665 0.1425 0.36666666666666664
2 0.8170747408101859 0.3306718790430845 0.10227787739896228 0.40377589254759033
2 0.92875 0.16916666666666666 0.08 0.3383333333333333
2 0.91125 0.03833333333333333 0.065 0.07666666666666666
0 0.7469030500278896 0.3587485034712396 0.0318197527615925 0.06839731643792864
0 0.8169795454097413 0.16172078122223718 0.037554113590999944 0.07058843419417173
0 0.931875 0.018333333333333333 0.02125 0.03666666666666667
1 0.730625 0.6608333333333334 0.03125 0.03833333333333333
1 0.8039503076338897 0.3981543585157588 0.02360125783225925 0.03781459300506602
1 0.9192302255981858 0.23169793817700068 0.0197418970028518 0.035798292278681934
1 0.905625 0.008333333333333333 0.01625 0.016666666666666666
2 0.358125 0.7658333333333334 0.12875 0.17166666666666666
2 0.15625 0.7683333333333333 0.1 0.17666666666666667
1 0.14809128689870463 0.7242965740928491 0.023546577417555455 0.03698125967173287
1 0.35320886409000096 0.7507252171118584 0.023765299076370355 0.04031459300506602
1 0.701875 0.9833333333333333 0.02625 0.03333333333333333
1 0.7633236071627784 0.9416522520865277 0.026804453685222142 0.029830893731450297