0 0.3784744256509298 0.2306971748970588 0.043834112012708884 0.055170332900039136
2 0.388125 0.2825 0.14875 0.175
2 0.7575 0.23666666666666666 0.1475 0.26666666666666666
0 0.7551981133125913 0.13307891515782613 0.05317638376596847 0.05288852121164193
1 0.521875 0.29583333333333334 0.02375 0.03166666666666667
1 0.6649675961056251 0.295963218620225 0.029745920129724653 0.02901699004302183
1 0.8500657808458463 0.28415763593793136 0.024745920129724652 0.028900622943500404
2 0.103125 0.5441666666666667 0.08375 0.34833333333333333
2 0.26 0.5483333333333333 0.0725 0.3566666666666667
2 0.461875 0.885 0.09625 0.23
2 0.204375 0.4066666666666667 0.04875 0.07333333333333333
2 0.32125 0.45166666666666666 0.06 0.16333333333333333
0 0.101875 0.38416666666666666 0.02125 0.028333333333333332
1 0.08648891201534507 0.641876851949604 0.021159561363426675 0.04131334761885929
0 0.25375 0.3875 0.025 0.035
1 0.24732119091136767 0.6223052255441441 0.02177365194784656 0.0404945601729662
1 0.20401673311800436 0.3983816212147175 0.017267738960884883 0.030392738960884933
1 0.31125807045601334 0.46336518268756605 0.020447286038785536 0.03463213506475247
0 0.500625 0.8383333333333334 0.01875 0.06666666666666667
0 0.4859638405877152 0.8158571796589007 0.0434054814931514 0.07015578701259907