1 0.3275817454302088 0.30312967320764644 0.023990871148243685 0.029589695391569346
1 0.39438034503477554 0.30199640995815313 0.02716680474519933 0.03142614071475435
2 0.54 0.37666666666666665 0.1 0.38333333333333336
2 0.654321995225056 0.30291183391802673 0.09441846168759013 0.3944821565320852
2 0.7327345462210753 0.187170479494919 0.06677945773325746 0.36802206008602717
2 0.86 0.13666666666666666 0.0825 0.2733333333333333
2 0.986875 0.22083333333333333 0.02625 0.405
0 0.5338455422667426 0.22293444631818413 0.03203734387822053 0.06829654176924313
0 0.6649894213236517 0.1376062323362936 0.027153007908665358 0.05139218498345068
0 0.6525912885175628 0.13495201362903383 0.023453941505621002 0.052855117262295345
0 0.735625 0.02 0.02125 0.04
1 0.8774777513617079 0.14686066129507358 0.019488537155854715 0.025185338605776906
1 0.7197803975976556 0.28438043786244444 0.023646005931499018 0.03872240632693234
1 0.6503979813848915 0.39047974538063407 0.024220072334543517 0.037089695391569345
1 0.49625 0.4866666666666667 0.0125 0.03666666666666667
0 0.5177515055211933 0.034956230247146065 0.02275254111018768 0.05032116153099163
0 0.5327026987988277 0.0765733812332505 0.026771005931499017 0.038892184983450685
0 0.5402186225099516 0.1368973785970287 0.02668080869953201 0.056358229252147014
0 0.5705199703425048 0.04373665975300033 0.023122873125410025 0.04202178392896201
0 0.59625 0.018333333333333333 0.025 0.03666666666666667
0 0.6406727711333713 0.034933617846988674 0.025801140714754353 0.04799094018751002
1 0.9830454371409826 0.02049254375924117 0.015662136760421674 0.022481604217954896
1 0.456875 0.9066666666666666 0.06625 0.08
1 0.13235041736931905 0.6014941264394968 0.023391337946721505 0.03038907299359901
1 0.2002971497799747 0.6036262850607296 0.02911820514063251 0.03402800790866536
1 0.33761888219063046 0.6019893575072544 0.027868205140632513 0.03396009644605802
2 0.674375 0.7841666666666667 0.36875 0.43166666666666664
1 0.5589824750430867 0.8459621780697844 0.10722728142950871 0.09900394046104717