2 0.23 0.255 0.46 0.43
0 0.21217597241038014 0.11363602482014469 0.11820466123905846 0.11951327643060225
2 0.815 0.235 0.37 0.47
0 0.9125 0.025 0.125 0.05
1 0.5053956485742787 0.17966182347228898 0.02729815558566081 0.028092807381420927
1 0.6295413645399153 0.18058568066838707 0.025390400723608906 0.02715760685417668
1 0.6638207575747735 0.16415386828805956 0.02670591044771271 0.028892184983450687
1 0.08301337991741675 0.7714939779152264 0.02611366530976454 0.029691562585480447
1 0.205745321572794 0.7681832569820507 0.025586929895920322 0.03215760685417668
1 0.24255746946970405 0.7527206008602711 0.0269351944820761 0.03472551831678402
1 0.53375 0.49 0.0425 0.04