2 0.162394881809389 0.20950079707195537 0.07216074910598977 0.34597936783364786
2 0.206875 0.065 0.06625 0.13
0 0.15799407360809375 0.0653438271165129 0.022559528855940557 0.050329688181624116
1 0.1631171140403377 0.30869655387229483 0.022166670199158318 0.03532968818162393
1 0.21194050293648486 0.07200990995122851 0.016301589908902656 0.026075751113939227
1 0.8048671087416003 0.33244859728412346 0.028176589908902584 0.02625998862719977
1 0.9246925048941415 0.32392016206240326 0.027551589908902656 0.02625029191597548
1 0.6682103635509236 0.34290551037556477 0.030763891832631955 0.02963210880543007
1 0.958027820756427 0.3075632063229611 0.024448415389834964 0.02703514169318775
1 0.5194921193390754 0.6246644734988652 0.039863099527549364 0.04310119609590269
2 0.49375 0.6083333333333333 0.1125 0.17666666666666667
1 0.15875 0.5266666666666666 0.025 0.013333333333333334