2 0.1625 0.26 0.2525 0.52
1 0.10190150881878082 0.3043153622326237 0.08919793758467108 0.07968589091990717
2 0.6575 0.06833333333333333 0.09 0.13666666666666666
2 0.541875 0.21666666666666667 0.10375 0.43333333333333335
2 0.348125 0.09416666666666666 0.09125 0.18833333333333332
0 0.531875 0.023333333333333334 0.02875 0.04666666666666667
1 0.34537352419628226 0.05617718152661752 0.01996192989592032 0.03185200527244357
1 0.6660613762993722 0.05629184709913564 0.024566213930283708 0.03792302872490268
1 0.5393049710523956 0.3370954413192776 0.02736100768875076 0.04555885165011735
2 0.661875 0.845 0.18875 0.31
0 0.6536038982355943 0.726328638663226 0.05058161465389247 0.06511459131038294
1 0.69875 0.9941666666666666 0.0475 0.011666666666666667
1 0.378801290817791 0.9375099625458205 0.025982645861557074 0.026358229252147113
1 0.412521193576753 0.9189757306574518 0.027265400723609046 0.027259474048087592