2 0.51375 0.1125 0.0725 0.225
1 0.529375 0.07416666666666667 0.04125 0.03833333333333333
1 0.12935524935335405 0.06134412435034932 0.027881829545304767 0.03066071884402845
1 0.26069252467799514 0.04754675410991088 0.025403648376465072 0.03219156258548044
1 0.2965357129895979 0.02894461075893465 0.027256829545304697 0.03062676311272469
2 0.470625 0.7283333333333334 0.15875 0.5366666666666666
0 0.50446401915679 0.5016823751401955 0.06523684383083093 0.06933077365761192
1 0.523125 0.8166666666666667 0.05375 0.05333333333333334
1 0.01375 0.7325 0.0275 0.03166666666666667
1 0.16185666883313743 0.7193209596360617 0.02852864837646507 0.032361341241998694
1 0.29124257824871763 0.7114587899228675 0.02981137662320549 0.034929252704606124
1 0.32897167597590043 0.691921446044647 0.029767738960884884 0.03159591937127269
1 0.868566608119652 0.7715154323164637 0.06445911201270889 0.05763015125964159
2 0.855 0.7275 0.195 0.535
1 0.5880816866900449 0.585230711930362 0.02987683311668633 0.03992925270460603
1 0.7312066866900448 0.5774548494618204 0.02926274253226637 0.04072863030663579