2 0.3875 0.3075 0.12 0.145
2 0.261875 0.21166666666666667 0.10375 0.33666666666666667
2 0.470625 0.17666666666666667 0.08375 0.35333333333333333
2 0.02625 0.23333333333333334 0.0525 0.29333333333333333
2 0.1825 0.185 0.0925 0.37
2 0.1 0.15666666666666668 0.0875 0.31333333333333335
2 0.319375 0.07916666666666666 0.07875 0.15833333333333333
0 0.011875 0.12583333333333332 0.02375 0.058333333333333334
0 0.26987861809976466 0.08676258523932433 0.03131541079492266 0.06323644252491704
0 0.3963957090806322 0.27256745384028364 0.03166504485464031 0.0699031091915837
1 0.082558009383154 0.18240949619785832 0.02593521287323469 0.043695958872892786
1 0.16401368145753195 0.27831989225052195 0.02602262138816414 0.045362625539559456
1 0.2425 0.375 0.025 0.01
1 0.31384713938708814 0.078857748719083 0.019873170298587865 0.03488200370124284
1 0.13105434998032955 0.11189785482465765 0.01836094475379966 0.029775198848283536
1 0.4568675985882314 0.21098776393749025 0.02321669158591135 0.039315682500307696
1 0.52875 0.08916666666666667 0.0225 0.03833333333333333
2 0.638125 0.2175 0.17875 0.325
0 0.6555861611786146 0.08758120008859133 0.05650336822027583 0.057092608677248885
1 0.61125 0.37416666666666665 0.055 0.011666666666666667
1 0.753925690577505 0.2293361209203862 0.025104831981405482 0.027862625539559645
0 0.40875 0.43833333333333335 0.125 0.11666666666666667
2 0.263125 0.69 0.52625 0.62
1 0.004375 0.7733333333333333 0.00875 0.04
1 0.8483706756259584 0.6887199243312399 0.027110944753799514 0.030522832818998515
1 0.9863645628535642 0.6794179880792399 0.02639853623887021 0.0288027637258521
1 0.7810891969132818 0.6903207197243741 0.02706724049633493 0.029689499485665086