2 0.018125 0.1225 0.03625 0.245
2 0.118125 0.11583333333333333 0.08625 0.23166666666666666
1 0.11779791087736655 0.13399749962630086 0.021847027054543132 0.03467678093029614
2 0.18125 0.06416666666666666 0.08 0.12833333333333333
1 0.1840371103776066 0.027008026491382727 0.018011632033565022 0.021836658909937322
2 0.25125 0.10166666666666667 0.08 0.20333333333333334
1 0.2512730771841275 0.10353891941754086 0.021657588382282426 0.03134344759696281
2 0.375625 0.08666666666666667 0.07625 0.17333333333333334
1 0.3777878484699104 0.061260583249498284 0.02045494805034764 0.03204073212215254
2 0.350625 0.4625 0.12125 0.375
0 0.34253535386849515 0.30406648676709497 0.03010478174358653 0.04882640711249034
1 0.3653899487290792 0.6176889582011875 0.03399686074778202 0.05173455353692096
2 0.684375 0.32916666666666666 0.42875 0.6416666666666667
0 0.509375 0.11833333333333333 0.07875 0.13666666666666666
1 0.7797683683058009 0.24525767027434672 0.027519386722608487 0.036122333900275215
2 0.065625 0.9283333333333333 0.09875 0.14333333333333334
2 0.215 0.9041666666666667 0.1025 0.19166666666666668
2 0.08375 0.7516666666666667 0.07 0.20333333333333334
2 0.016875 0.7391666666666666 0.03375 0.17833333333333334
0 0.04790269262095308 0.9009541295966316 0.03715057178554275 0.07443862674913627
0 0.1918227445706055 0.8551044434479135 0.029233659088108224 0.055357024971013594
0 0.20106498988156218 0.8406827196494321 0.022121860747782166 0.05044208985955758
1 0.0855145844027804 0.7660563725034656 0.0188167463906737 0.03600332557660399
1 0.495 0.9833333333333333 0.02 0.03333333333333333
1 0.5625 0.9841666666666666 0.0325 0.03166666666666667
1 0.8408777654862127 0.9414301628913165 0.02732994805034764 0.03278900056694189
1 0.8761332124568435 0.9199847474551549 0.026847027054543275 0.03522097616287018