0 0.4190350940756549 0.22829922930995006 0.05357559520568486 0.06274786491767448
2 0.39125 0.255 0.1575 0.13
0 0.8595795694267112 0.14775858525687416 0.03567722161903447 0.08310433710226524
1 0.7125868380835729 0.240303409619457 0.02686702713695837 0.04924692597610147
1 0.7972460013579845 0.16374889371439166 0.02657223337849132 0.04174692597610147
1 0.8953081492548947 0.17434853610879125 0.02400672365438737 0.03990556671182465
2 0.965625 0.16 0.06875 0.32
1 0.525 0.29833333333333334 0.0275 0.043333333333333335
0 0.54125 0.020833333333333332 0.0275 0.041666666666666664
0 0.6382835264595897 0.08510391255905063 0.029036820895425423 0.05687794542430898
2 0.72875 0.16 0.1125 0.32
2 0.09238406286799047 0.5361852006652025 0.08846224830333113 0.3477407779283041
0 0.10045504703782747 0.4101335015848565 0.022688556309269785 0.053941213930283616
2 0.4975 0.4825 0.055 0.305
1 0.4828479461787448 0.5459915495258421 0.019271420171816517 0.030433187999340135
0 0.490381564450682 0.35432488285917535 0.022262743102595052 0.04310788059695028
2 0.5025 0.3883333333333333 0.0525 0.13666666666666666
2 0.555 0.43083333333333335 0.0675 0.22166666666666668
1 0.552043226142402 0.4505725355052426 0.016345606965141854 0.0194251620683967
2 0.61125 0.4666666666666667 0.0675 0.29333333333333333
0 0.6125 0.3358333333333333 0.02 0.03166666666666667
1 0.605937533695679 0.5224316122429453 0.019173155585660878 0.027933187999340133
2 0.645625 0.39166666666666666 0.05375 0.14333333333333334
2 0.726875 0.455 0.06375 0.27
0 0.73125 0.3275 0.02 0.015
1 0.7244529344192879 0.48838772682193554 0.01795591044771271 0.028679175033868395
2 0.659375 0.8416666666666667 0.10375 0.31666666666666665
0 0.6715616702857937 0.7081551870961821 0.027295497964646954 0.044290599125503906
1 0.66375 0.9858333333333333 0.03 0.028333333333333332
2 0.895 0.95 0.1275 0.1
0 0.9213067408425348 0.9350308300941302 0.03673335006773698 0.06240202321713942