1 0.11683513434120271 0.3888391260693706 0.0604436245385088 0.05689537084568012
2 0.130625 0.3025 0.18875 0.605
1 0.04122599302992896 0.18000259118948525 0.020908628803308887 0.03458382539486924
1 0.2959205466263654 0.1892389317620113 0.026562718936981467 0.038485474744985024
1 0.3575269007638562 0.1422172684681572 0.026504538669636302 0.03181880807831836
2 0.5575 0.545 0.105 0.41
2 0.454375 0.47833333333333333 0.08875 0.4533333333333333
2 0.60625 0.10083333333333333 0.0675 0.20166666666666666
2 0.513125 0.16583333333333333 0.07125 0.33166666666666667
2 0.440625 0.07583333333333334 0.05875 0.15166666666666667
1 0.4377895877148372 0.04452917509869821 0.017085903469127146 0.02587161471701421
1 0.6024041434436738 0.07202523860641108 0.017107721069381653 0.028371614717014212
1 0.5043000852960017 0.2226462366732211 0.018379538669636233 0.03099790716518811
1 0.4303660825907308 0.6089484266617127 0.02534908160407255 0.042525848963477796
1 0.5464483764481494 0.6879734160907871 0.02910635413749077 0.04373805964133302
0 0.5547423962126207 0.3815717667406712 0.03244953014003606 0.06905379076176757
0 0.45307146502229295 0.29692774749093037 0.029884077339272466 0.061301205865419775
0 0.508125 0.010833333333333334 0.02375 0.021666666666666667
2 0.030625 0.875 0.06125 0.25
2 0.111875 0.8058333333333333 0.08625 0.11166666666666666
1 0.00875 0.9625 0.0175 0.04833333333333333
2 0.679375 0.9 0.13375 0.2
0 0.6904414351686924 0.8304292299686755 0.04917180693825429 0.05325873881211521
1 0.484375 0.9933333333333333 0.02375 0.013333333333333334