1 0.148520778905421 0.7093377591804771 0.11000147618460765 0.12129205107591096
2 0.240625 0.42 0.41875 0.84
1 0.04150028032450377 0.2754255995103552 0.03083382539486923 0.039795789253967276
0 0.434375 0.6225 0.03125 0.17833333333333334
2 0.48375 0.5675 0.0675 0.5016666666666667
0 0.46375 0.3516666666666667 0.0275 0.06
2 0.48625 0.3016666666666667 0.0725 0.26
0 0.47532708912263344 0.2011408872567397 0.028371860747782165 0.051122333900275214
2 0.6174072240559836 0.4225361439762068 0.10820697544425656 0.47224453026673285
0 0.6265196670471121 0.22940688385508867 0.03647821211747754 0.07353726901173113
1 0.6121503009007453 0.5150361439762068 0.028760062407456103 0.047023691637680255
2 0.470625 0.19 0.04125 0.32666666666666666
0 0.46 0.05 0.02 0.043333333333333335
1 0.455 0.25416666666666665 0.01 0.03166666666666667
2 0.51375 0.13416666666666666 0.0775 0.2683333333333333
0 0.521875 0.0075 0.02625 0.015
1 0.5043425985007202 0.17148114681091595 0.020407588382282283 0.031207398788819205
2 0.5394272554293945 0.20989968256661082 0.0782334722051057 0.32736367612422146
0 0.55060339900048 0.0678928938795854 0.023674667386478065 0.03404752080917798
1 0.5315383156774167 0.2612772111325182 0.02381674639067356 0.03654752080917802
2 0.6821827024000251 0.21175406963010782 0.08830021859577926 0.362414660043821
0 0.6878192409920888 0.057927524983799925 0.028807422075521318 0.047857024971013594
1 0.6768124112783519 0.28439011843825135 0.023333825394869195 0.03897949640510622
2 0.754375 0.11833333333333333 0.08125 0.23666666666666666
1 0.7527991161771765 0.138642125061097 0.021752307718412852 0.03301011426362947
2 0.683125 0.056666666666666664 0.05875 0.11333333333333333
2 0.649375 0.08166666666666667 0.05875 0.16333333333333333
1 0.6402144592485024 0.1086586154102994 0.016657588382282283 0.030799252364388727
2 0.593125 0.03666666666666667 0.05875 0.07333333333333333
1 0.501875 0.029166666666666667 0.04875 0.058333333333333334
2 0.20625 0.92 0.1775 0.16
1 0.223125 0.8591666666666666 0.05375 0.03833333333333333
2 0.860625 0.92 0.27875 0.16
1 0.6969738770051559 0.9135901784047752 0.026562869046152 0.030220976162870082