2 0.256875 0.3016666666666667 0.09875 0.4766666666666667
2 0.053125 0.267352418023977 0.0925 0.4851789744982013
2 0.169375 0.058333333333333334 0.06875 0.11666666666666667
2 0.285625 0.07583333333333334 0.06375 0.15166666666666667
1 0.0525 0.33408223091473066 0.0275 0.040278433859825595
1 0.260625 0.436387871627111 0.025 0.04585918229681132
1 0.28125 0.04847071289890844 0.020625 0.03541715872820248
1 0.161875 0.005 0.02125 0.01
1 0.094375 0.01 0.01875 0.02
0 0.05875 0.06011743534052793 0.026875 0.05854862096907198
0 0.043125 0.06669609094270147 0.019375 0.05779086628002877
0 0.251875 0.10060525209766155 0.03 0.06386435208950672
1 0.748125 0.42621086537505315 0.038125 0.038851919669303736
0 0.75625 0.18705663112858953 0.044375 0.05531671524350647
2 0.746875 0.345 0.13875 0.39