2 0.4363432760042737 0.1586743006157147 0.10745042794496669 0.3152773640883364
2 0.52625 0.6375 0.1275 0.10166666666666667
1 0.4689325692881846 0.23581428493643888 0.017617066351699576 0.029512508367201727
0 0.420351199055099 0.024467504294330665 0.022253972122887832 0.03981822041301948
0 0.5360437198454531 0.6306218748654029 0.035583340398316635 0.07235835006773679
2 0.605 0.4483333333333333 0.03 0.48
2 0.7002084039831675 0.43541183717608495 0.10233933567381143 0.5012452603645624
2 0.8245734736759482 0.34844415317146615 0.0900198871081264 0.45962581034198347
2 0.621875 0.18 0.06375 0.36
1 0.7105754809323424 0.5692255751528463 0.0300158778940758 0.05034229820584983
1 0.8122937198454531 0.42743967073520783 0.022232146641955525 0.03898488707968606
1 0.6247520337500819 0.2221871111096678 0.024513891832631883 0.030826246343963058
0 0.7925 0.023333333333333334 0.03 0.04666666666666667
0 0.6941488592310142 0.2278681640266825 0.03495834039831678 0.07231467691833435
0 0.6984702779619303 0.13084856867011033 0.029224212993655102 0.06775495190704495
0 0.822031787580577 0.15611884576907623 0.030946434627128382 0.062052638021919126
1 0.2811944803581102 0.8804284034363306 0.025248019237293706 0.03503658616003217
1 0.3526190842055689 0.8920738091348862 0.028976193756361398 0.03446529172311406
1 0.493309560648366 0.9044002677504565 0.027682542794496782 0.03271127875764231
1 0.6448452832606678 0.7746777216939368 0.029535717313564334 0.0320089648725165
1 0.7758770284513444 0.7755157497351356 0.02520436827542909 0.0333699194933655
1 0.8122718678708328 0.7597591322165518 0.02509524087076727 0.029203252826698833