2 0.41625 0.1375 0.1425 0.275
1 0.3725635380699913 0.1406614832591085 0.04602579760382014 0.03986482987481168
1 0.0537381313199748 0.047234685805239186 0.02377976442797035 0.025358778315296794
1 0.11951590968650123 0.052049864460027635 0.028176589908902656 0.02625998862719977
1 0.2527718625720954 0.054984464969265096 0.02815476442797035 0.025426655293866438
0 0.8829067716843645 0.0899741844260898 0.05269048174153454 0.05579513032038752
2 0.889375 0.1975 0.17375 0.285
2 0.49625 0.79 0.3075 0.42
0 0.4486726548771779 0.6476960411203451 0.092946439925866 0.1138963264162902
2 0.346875 0.8283333333333334 0.12125 0.3433333333333333
0 0.3532083721907422 0.6791893346488777 0.0400158778940758 0.04893452942923602
1 0.34053974242382773 0.8878038726077139 0.04089484471822601 0.03478725618501775
1 0.08388894482000765 0.8526031608317602 0.024513891832632025 0.029535141693187748
1 0.11722426068229311 0.8362462050923181 0.02634524087076727 0.02789756516019376
2 0.79 0.67 0.28 0.66
0 0.698125 0.3975 0.09625 0.115
1 0.676875 0.9533333333333334 0.05375 0.09333333333333334