2 0.5225 0.25583333333333336 0.115 0.2683333333333333
2 0.38125 0.185 0.095 0.37
2 0.575625 0.11833333333333333 0.07625 0.23666666666666666
2 0.680625 0.09833333333333333 0.07625 0.19666666666666666
2 0.1325 0.195 0.0925 0.39
2 0.2925 0.12916666666666668 0.085 0.25833333333333336
2 0.208125 0.10166666666666667 0.08125 0.20333333333333334
2 0.038125 0.24333333333333335 0.07625 0.29333333333333333
2 0.05875 0.13333333333333333 0.0825 0.26666666666666666
0 0.118125 0.025 0.03125 0.05
0 0.5142766680224863 0.15910315926284965 0.030087634102100084 0.06861176719315892
1 0.19666425192137582 0.07657275086374303 0.02472998824054315 0.04316974362455047
1 0.12218122026104986 0.3367641577821473 0.026078252826698785 0.045796036072724366
1 0.07215025961012657 0.13349495479597276 0.019271420171816517 0.030997907165188205
1 0.28625259022965577 0.16875505149716466 0.024795497964646956 0.044836410291217134
1 0.3740942903651295 0.28035660369360094 0.025453252826698927 0.045732889848637416
1 0.2375 0.01 0.0175 0.02
1 0.5683648471270608 0.09841999909502458 0.02206621393028371 0.038750492061536
1 0.6735339366793481 0.06018514100024371 0.02535498824054315 0.04323288984863742
1 0.7887933179547494 0.3664932357271659 0.02746192989592032 0.033485474744985026
1 0.8219209755757632 0.3472500062931375 0.02496192989592032 0.03323288984863723
2 0.410625 0.5816666666666667 0.09875 0.38333333333333336
2 0.178125 0.5766666666666667 0.08875 0.37333333333333335
2 0.02 0.5183333333333333 0.04 0.25666666666666665
0 0.39625 0.3983333333333333 0.0325 0.016666666666666666
1 0.1665199443680988 0.6005768119446985 0.022658459068231735 0.03798030495228962
1 0.3986490104014723 0.631505668147369 0.023810194482076098 0.03560659740046352
1 0.079375 0.3958333333333333 0.02625 0.011666666666666667
1 0.766875 0.585 0.01375 0.03333333333333333
1 0.9003894699223656 0.5642841020071946 0.029205910447712712 0.030341580083912544