1 0.23353159916898392 0.3713224907179549 0.03594378703131398 0.037142699604066444
0 0.2532005475261312 0.14263185698868816 0.036033043274067325 0.04878511874720118
2 0.259375 0.25583333333333336 0.14375 0.28833333333333333
1 0.010625 0.26666666666666666 0.02125 0.03
1 0.66875 0.013333333333333334 0.0275 0.02666666666666667
1 0.7334303877657811 0.018818583337101038 0.027206567394668184 0.026827481798149318
1 0.8639023328566197 0.021386315755309228 0.026785640606883588 0.030136567607950533
1 0.9772568636451803 0.04989328913422118 0.02616064060688359 0.030112320084418418
2 0.450625 0.5891666666666666 0.13875 0.37833333333333335
0 0.46125 0.4075 0.045 0.015
1 0.4694885791651046 0.643157787277812 0.04822693345574464 0.044270069217842926
1 0.06906796182840914 0.5087394283094567 0.025854530788560624 0.025112320084418417
1 0.13249907164673203 0.5161884281861985 0.027155549091614405 0.025994148464815982
1 0.26468018146505484 0.5263046556514708 0.024757585697722108 0.027563825037354283
1 0.3745398037688847 0.558832810555857 0.02491064060688359 0.030063825037354188
1 0.8667463711635528 0.8335699951778579 0.03719378703131412 0.037191194651130674
0 0.8911218869153683 0.6308339323995849 0.030522860243529522 0.04025780522561102
2 0.8754199984345168 0.7715549456484997 0.10692519310014888 0.33087040577096144
1 0.530625 0.7483333333333333 0.02125 0.03333333333333333
1 0.6594888886161939 0.7581895500299264 0.02501267721299115 0.031730491704020855
1 0.7700755475261312 0.7924086191245112 0.02563767721299115 0.03175473922755297
1 0.8259047238887095 0.7571636388129962 0.023979530788560622 0.025039577513822166