2 0.55625 0.45 0.11 0.26
2 0.051875 0.07 0.06375 0.14
2 0.58 0.1175 0.1275 0.235
0 0.5601667259130829 0.3751564390836689 0.03565513920955539 0.07680637565811538
1 0.04767090645952763 0.03620469887301084 0.016032317021222226 0.024911988935507074
2 0.69125 0.5183333333333333 0.0625 0.12333333333333334
2 0.7009969521286109 0.3021126267275624 0.057591985333583506 0.3327411365992166
1 0.687754530700222 0.3792461818032437 0.0212650696047778 0.038750492061536
1 0.7965201228733053 0.3176073323461984 0.02250052256830557 0.03804345117637657
1 0.8677997395145554 0.28724285566802343 0.018619599240055608 0.030164573831854776
1 0.9214619347274164 0.33356991049692114 0.01886689886008327 0.04433124049852154
0 0.6869970396670552 0.49437247425141767 0.03571332735544452 0.0801397089914487
0 0.7648051402744998 0.3052202082510975 0.02395418107891672 0.04983641029121713
0 0.7455319695298053 0.2974293419710689 0.022602351823611144 0.043876784509709804
0 0.7041240424018332 0.158842439618316 0.021323257750666683 0.04208382539486924
0 0.7195173349548887 0.10196146943898242 0.021352351823611143 0.04375049206153591
0 0.7682668123865832 0.14278335447518453 0.018140069604777834 0.03843476094110116
0 0.8033546171737221 0.10542306346663319 0.023227351823611145 0.043939930733796664
0 0.8730787460490554 0.09243229434028422 0.024012369224805638 0.05316974362455028
0 0.9250695997725277 0.12690324383025436 0.021977351823611144 0.043813638285622764
2 0.873687108739361 0.23691469212738564 0.059249302354805876 0.3562007623807237
2 0.9358525269004997 0.26239598120274693 0.06196750790188915 0.3689533472770716
2 0.979375 0.43083333333333335 0.04125 0.29833333333333334
0 0.9925 0.31666666666666665 0.015 0.06
0 0.8333067955178609 0.39812591868216884 0.027806010334222295 0.056048620969071976
0 0.9554716911106941 0.46556572482729724 0.02556785699072236 0.07079603607272418
2 0.748125 0.42583333333333334 0.08375 0.30833333333333335
2 0.839375 0.465 0.10125 0.23
2 0.45375 0.8133333333333334 0.0775 0.37333333333333335
2 0.218125 0.705 0.05875 0.25
2 0.34 0.7241666666666666 0.06 0.28833333333333333
2 0.52625 0.69 0.0625 0.22
2 0.1175 0.6758333333333333 0.055 0.19166666666666668
2 0.27 0.6775 0.05 0.195
0 0.3425 0.5883333333333334 0.025 0.016666666666666666
0 0.16934120281230533 0.7531870966601123 0.02661419848011114 0.05925566185423141
1 0.11743815387597206 0.6778196676127218 0.015436411094166687 0.026515509378086697
1 0.21909442576058313 0.7365089816963143 0.01735505220358334 0.029204948050347544
1 0.2657959064595276 0.6794519893879948 0.015392769984750032 0.024015509378086695
1 0.3396321435417498 0.753696202945095 0.019273693312999995 0.031894386722608394
1 0.4241385894383054 0.7188244636394123 0.014142769984750033 0.02388921692991289
1 0.44807508807091634 0.8898730846084844 0.01877961664124996 0.03933124049852154
1 0.5276854534959999 0.7050769239470918 0.017253222948277767 0.02337161471701421
0 0.45629050569958324 0.6703151081770929 0.019564634042444594 0.048561053389275056
2 0.935625 0.6183333333333333 0.12875 0.07666666666666666