0 0.0875 0.03333333333333333 0.1075 0.06666666666666667
2 0.205 0.235 0.41 0.47
1 0.271875 0.18732895251445864 0.024375 0.03060595472149752
1 0.30625 0.1763672647285362 0.024375 0.030605954721497332
2 0.63375 0.35833333333333334 0.2925 0.22333333333333333
1 0.436875 0.42810440174790404 0.025 0.029830893731450297
1 0.8 0.448627299863887 0.025 0.027330893731450298
2 0.630625 0.8491666666666666 0.19375 0.3016666666666667
0 0.650625 0.7394800949415378 0.055625 0.05685290521914368
2 0.758125 0.8866666666666667 0.10125 0.22666666666666666
0 0.74875 0.8027955195041471 0.03625 0.05254646257726961
1 0.725 0.9916666666666667 0.0375 0.016666666666666666
1 0.475 0.9347722331447657 0.025 0.03066422706478382
1 0.509375 0.9221438786921766 0.025 0.02733089373145049