2 0.2325 0.31083333333333335 0.1425 0.3383333333333333
0 0.2419017259752414 0.1770204774057714 0.038834112012708887 0.05623796627619086
1 0.24473707889865878 0.437514253426068 0.042398651947846415 0.04227503399734625
1 0.039479835716451174 0.3728863114229476 0.029833195454365722 0.0365959193712727
2 0.67875 0.24 0.2975 0.48
0 0.7597342399390921 0.34282269084058764 0.09660052077834763 0.17512731542685495
2 0.36875 0.6941666666666667 0.225 0.42833333333333334
1 0.40782018506848716 0.7036702033378538 0.06775866266199103 0.07113326324949336
1 0.00375 0.5433333333333333 0.0075 0.03333333333333333
1 0.032938444807719736 0.5241794650452738 0.0279254672076253 0.03399405217736178
1 0.980625 0.7525 0.03875 0.065
2 0.90625 0.7158333333333333 0.1875 0.4716666666666667