2 0.549375 0.12 0.07125 0.24
2 0.64125 0.18916666666666668 0.1025 0.10166666666666667
2 0.900625 0.12 0.06125 0.24
2 0.745625 0.12 0.07625 0.24
2 0.81875 0.12 0.0725 0.24
2 0.93625 0.0375 0.065 0.075
0 0.6449755551559656 0.1923011087781478 0.029440890674726886 0.08162317828473002
0 0.61125 0.011666666666666667 0.02 0.023333333333333334
0 0.7425 0.009166666666666667 0.02 0.018333333333333333
2 0.609375 0.12 0.04625 0.24
2 0.698125 0.11583333333333333 0.05625 0.23166666666666666
2 0.655 0.11666666666666667 0.0575 0.23333333333333334
1 0.543616467154693 0.1961499156884465 0.019687718936981683 0.03748880855420225
1 0.604375 0.23166666666666666 0.02375 0.016666666666666666
1 0.8254264522278928 0.15601434093761682 0.018335903469127147 0.02571533703457618
1 0.6929700874284017 0.13969302652393356 0.018401356269890812 0.03321533703457608
1 0.727911469287093 0.22107029816660628 0.022165901336727103 0.03520241826012068
1 0.8960514522278927 0.16204881512981592 0.018401356269890812 0.03321533703457618
1 0.93625 0.004166666666666667 0.0175 0.008333333333333333
1 0.498125 0.9491666666666667 0.02375 0.045
0 0.34867973058564006 0.8801461558656349 0.04255861814130867 0.08191129590746907
0 0.32865151619989397 0.7383304733653273 0.03357589707192701 0.05449699527008761
0 0.34065058714196633 0.6534583837086274 0.02923725973901796 0.05828984495139669
0 0.4975 0.6233333333333333 0.025 0.06333333333333334
0 0.43222014073840287 0.6963085404011341 0.03615589493952697 0.0638772716426727
0 0.21599108259073077 0.818771439025472 0.03458634134309051 0.09871706436323374
0 0.2075 0.9558333333333333 0.05 0.08833333333333333
1 0.415 0.9941666666666666 0.0275 0.011666666666666667
0 0.35951186451305545 0.283960111037285 0.02042180693825429 0.05004221098068171
0 0.47168503838320075 0.2593524787104735 0.018423173870145318 0.03571533703457618
0 0.4930291434436738 0.3220548969705942 0.01976044427116335 0.045822141887535396
1 0.001875 0.255 0.00375 0.023333333333333334
2 0.8302519114258564 0.5179790392715656 0.06245855416930737 0.358406563848899
2 0.6640819092934563 0.4946073271613152 0.07363582883512564 0.3510344741921991
2 0.5704183039465479 0.6200371013756621 0.0817830843093435 0.42584196997662144
2 0.97 0.36916666666666664 0.06 0.25833333333333336
2 0.6075 0.30666666666666664 0.05 0.13333333333333333
1 0.6039741349140736 0.28682048693983103 0.013343176002545363 0.02612145095607237
1 0.5669946922024394 0.7256568250030769 0.022827264003818043 0.039422487353267005
1 0.6611160292807297 0.6194471198818764 0.023474081604072553 0.041975889779746464
1 0.8280710271483297 0.624538901085273 0.020305446403563535 0.036708877647348384
1 0.8299918517186552 0.2610987628989804 0.013350448535963438 0.026954784289405703
0 0.6653036949077102 0.3546073271613152 0.020392716804581566 0.046708877647348386
0 0.5701068986314561 0.44071022742955657 0.022827264003818043 0.039422487353267005
0 0.8271350597072012 0.3734385556195414 0.022921806938254293 0.05025582068660033
2 0.73875 0.2658333333333333 0.04 0.051666666666666666
2 0.658125 0.32166666666666666 0.05625 0.16333333333333333
2 0.83125 0.2816666666666667 0.045 0.08333333333333333