1 0.006875 0.004166666666666667 0.01375 0.008333333333333333
2 0.75375 0.16333333333333333 0.1725 0.32666666666666666
1 0.7281218816592133 0.1616186790107029 0.053203551190416934 0.053492263211517184
1 0.4947823522603228 0.031398682298509846 0.027648536238870206 0.02890956857881141
1 0.5601888309729993 0.029958094184814522 0.02706724049633493 0.02968949948566518
1 0.865 0.005833333333333334 0.025 0.011666666666666667
0 0.006875 0.7316666666666667 0.01375 0.07333333333333333
2 0.05125 0.8416666666666667 0.1025 0.31666666666666665
2 0.901875 0.8275 0.19625 0.345
0 0.9352805225589106 0.7055096969016834 0.062421157627034346 0.07501982808908593
1 0.276875 0.945 0.01375 0.04
1 0.40588410720400137 0.9291071823994088 0.03379798732844655 0.0393901904171283
1 0.5291839242338601 0.9152535710495867 0.030192240496334934 0.02995651161806336