1 0.06315087017779782 0.12454215916803735 0.030318787031313976 0.03670615552166671
1 0.1336738335716902 0.12840057932985222 0.03484684194047546 0.03934192786207414
1 0.27918401660222825 0.12456712927859315 0.03609684194047546 0.03938071995933337
1 0.41068910811749737 0.12447363282414883 0.027091750425206413 0.034942508611851886
1 0.44618651078468136 0.10720708216544518 0.030267768728260192 0.035872822188333375
2 0.890625 0.4266666666666667 0.21875 0.6866666666666666
1 0.5859832627753709 0.37362706109374094 0.03266573212215256 0.03428373971618536
1 0.7333174275028551 0.370685132521704 0.03239786024352924 0.04009767700088901
1 0.8616975190181243 0.3704946558241115 0.03558665890993723 0.031047386626000085
1 0.9002689033822543 0.3541584187418893 0.03256369551604493 0.03261707304951869
0 0.499375 0.7841666666666667 0.06125 0.028333333333333332
2 0.4475 0.885 0.165 0.23
1 0.13382750738303023 0.9041161428559261 0.027359622303829666 0.029128571327148148
1 0.09540917792806156 0.9179523799381483 0.032193787031313974 0.036764343667555675