1 0.180596143943284 0.06833333333333333 0.02688649749271754 0.029166666666666667
1 0.24988021573003863 0.0725 0.02819105442066473 0.03166666666666667
1 0.38977110187414427 0.0775 0.025600126207419294 0.0275
2 0.610625 0.17583333333333334 0.06625 0.3516666666666667
2 0.6717619038799703 0.20083333333333334 0.07658801198175019 0.3591666666666667
2 0.763125 0.2075 0.08125 0.415
2 0.8954209756667248 0.205 0.08397220997592428 0.3825
2 0.9825 0.12333333333333334 0.035 0.24666666666666667
0 0.61375 0.015833333333333335 0.0175 0.03166666666666667
0 0.6746467329112411 0.04 0.027232024703049973 0.045
0 0.755471774980381 0.030833333333333334 0.0196956534177518 0.043333333333333335
0 0.9010240324097848 0.034166666666666665 0.02024791084715545 0.04
0 0.8878626611244865 0.035833333333333335 0.013997910847155452 0.04
1 0.5979161663239388 0.2625 0.01879786877801564 0.030833333333333334
1 0.6580798371077805 0.255 0.02124331185006845 0.028333333333333332
1 0.7512048371077804 0.255 0.020709240063313813 0.0325
1 0.8762000277649945 0.3125 0.01817286877801564 0.030833333333333334
2 0.82 0.785 0.18 0.43
0 0.8252554260757375 0.6016666666666667 0.05018666576927672 0.06583333333333333
1 0.8456630254425994 0.9266666666666666 0.05737750984424252 0.051666666666666666
1 0.5378749856958547 0.7966666666666666 0.02637061134861199 0.034166666666666665
1 0.6072136144105565 0.7983333333333333 0.029975126207419437 0.0275
1 0.9184387406179759 0.7708333333333334 0.026261497492717466 0.029166666666666667
2 0.96125 0.7891666666666667 0.0775 0.4216666666666667
1 0.990625 0.9025 0.01875 0.051666666666666666