1 0.06695772532260168 0.031657599558096286 0.028493205140632513 0.034207777446750735
1 0.13580959251651273 0.039260376508306556 0.030891337946721508 0.031029696608576577
1 0.2849808581286906 0.04187004642739983 0.027944605536065693 0.03666896432296104
1 0.41550399093477963 0.04664865596613273 0.02846773834215469 0.033374444113417404
1 0.45379558856218 0.03405506964109975 0.027268671939110332 0.03496348453250448
1 0.7246752565469576 0.298386055911496 0.026490871148243684 0.02992467140871478
1 0.7941266569423908 0.3051943126521628 0.028340404349766004 0.029207777446750734
1 0.9372771237408686 0.31491585133335814 0.02594227154367701 0.03238585828492489
2 0.43375 0.7058333333333333 0.09 0.3516666666666667
2 0.17375 0.6116666666666667 0.0675 0.16333333333333333
2 0.30625 0.6291666666666667 0.0675 0.19833333333333333
2 0.501875 0.5891666666666666 0.07125 0.11833333333333333
2 0.061875 0.5825 0.06375 0.105
2 0.2275 0.5808333333333333 0.0575 0.10166666666666667
0 0.12438345180175837 0.6129453256120423 0.02938454308735402 0.0633744441134174
1 0.065 0.5391666666666667 0.0175 0.018333333333333333
1 0.17744584824285894 0.5937832542579643 0.019016337946721508 0.03029224725657059
1 0.22375 0.5358333333333334 0.0175 0.011666666666666667
1 0.3076241158322032 0.6076897173395741 0.02099320514063251 0.0337420199612733
1 0.39619797511744875 0.5666121404986373 0.015738537155855 0.025098181637621716
1 0.430474270387122 0.7492308775263009 0.020597406326932344 0.04120320683748351
1 0.5066330375661606 0.5468542098665533 0.01883807035737732 0.024458913923237256