2 0.1625 0.365 0.095 0.39
2 0.115 0.051666666666666666 0.045 0.10333333333333333
0 0.009375 0.5366666666666666 0.01875 0.04666666666666667
0 0.17261147033855415 0.2032962385297876 0.025218168617910805 0.050581835497607225
1 0.15309746347118858 0.5220514025988862 0.023288626463433104 0.03803819783528676
1 0.11462869664487389 0.028830218615831314 0.015116356596219092 0.02701576796523104
1 0.1698137232654204 0.12836896796698852 0.017645445745273918 0.03374061818165842
2 0.575625 0.3175 0.58625 0.485
0 0.5047846341163656 0.13475315238333754 0.1054836071030357 0.11327704242328375
1 0.8164228680756179 0.3249802086632469 0.028255901170746542 0.030654564934808188
1 0.9576837765065133 0.3191928381017659 0.028244992739851114 0.02815456493480819
2 0.913125 0.7725 0.17375 0.425
1 0.959375 0.7891666666666667 0.08125 0.10833333333333334