2 0.273125 0.25166666666666665 0.17375 0.4766666666666667
0 0.32 0.08166666666666667 0.08 0.12333333333333334
2 0.23346926156833037 0.26514448679742336 0.09738099817993202 0.30645390184650184
0 0.25571529078230754 0.13776084339364236 0.03741534307132554 0.04277149872451124
2 0.8825 0.2866666666666667 0.235 0.4066666666666667
2 0.083125 0.6416666666666667 0.16625 0.30333333333333334
1 0.0480236378331351 0.6232009176084993 0.056061299420043016 0.052078762944942694
2 0.41375 0.9108333333333334 0.1075 0.17833333333333334
2 0.391875 0.65 0.06375 0.32
2 0.45125 0.6575 0.075 0.335
1 0.36625 0.715 0.0125 0.04
1 0.4345391472112217 0.7345356848275975 0.024053544730999618 0.038503020036152975
1 0.475 0.9825 0.0275 0.035
1 0.5526462366732211 0.6587513890155924 0.025256185062934408 0.0376793830858378
1 0.629872141072286 0.6201665053300212 0.02107994805034764 0.030150293936782948
1 0.6849567980009601 0.6631125389488611 0.021307422075521318 0.04514544574527387
1 0.8438395526900035 0.6510057980673376 0.022131185062934405 0.03765514212829212
0 0.4294996356737012 0.8562168960687916 0.040843887802325334 0.08111452844086292
0 0.5200421930219384 0.6493277681989418 0.02721658008391259 0.05018907946885605
0 0.4991237106983948 0.643329596354298 0.025635062407456104 0.04434604975250447
0 0.460625 0.5058333333333334 0.02375 0.03166666666666667
2 0.638125 0.6208333333333333 0.07625 0.26166666666666666
2 0.701875 0.6341666666666667 0.08125 0.28833333333333333
2 0.765625 0.8025 0.11125 0.395
0 0.7707525880429165 0.6387670448025936 0.037879615436825415 0.061933317199668825
2 0.854375 0.6358333333333334 0.08625 0.2916666666666667
0 0.9120570577492225 0.8149403071478029 0.03230197510489077 0.06272301680941988
2 0.9025 0.8858333333333334 0.125 0.22833333333333333
0 0.6062691158378108 0.9584659013227906 0.03907293145360804 0.07193816539117791
0 0.5880523488708957 0.73989500660551 0.03134545742843429 0.056884835284577474
0 0.7159398124382659 0.8000797934890939 0.029745291121673175 0.0726987758518743
2 0.60625 0.9633333333333334 0.1125 0.07333333333333333
2 0.495625 0.8091666666666667 0.10625 0.38166666666666665
2 0.586875 0.8475 0.12875 0.305