2 0.54375 0.18666666666666668 0.195 0.37333333333333335
1 0.6091919427043746 0.1680454658074871 0.06151543848512489 0.06654402297538667
1 0.0388869233439771 0.147914781894508 0.02826680960164204 0.03512225544788161
1 0.07269873778571849 0.1306014086903833 0.025134537314378348 0.033164227064783634
2 0.7776183259211402 0.30442415205864154 0.09392942115199361 0.4793993677964134
2 0.92375 0.08083333333333333 0.06 0.16166666666666665
2 0.7275 0.056666666666666664 0.0675 0.11333333333333333
1 0.7684938031270598 0.39107329819798253 0.021409990319801297 0.038647926338399544
1 0.922230091961888 0.09352151310280206 0.017619992739850973 0.029131625612015266
1 0.7212564388779082 0.04895187430764404 0.01888453731437835 0.032581503631921103
0 0.7691160003927834 0.10529823720793545 0.02393907946885605 0.04554768237821113
2 0.11375 0.8866666666666667 0.165 0.22666666666666666
2 0.019375 0.6816666666666666 0.03875 0.2633333333333333
1 0.006875 0.6791666666666667 0.01375 0.035
2 0.05 0.6366666666666667 0.0525 0.17333333333333334
2 0.105625 0.6841666666666667 0.07375 0.2683333333333333
1 0.10717513310273247 0.6816975499336023 0.023913626463433105 0.03971434904487789
2 0.13875 0.6258333333333334 0.06 0.15166666666666667
2 0.195625 0.6725 0.06375 0.245
1 0.19337059094825476 0.6861559665600986 0.023303171037960625 0.04298941003492492
2 0.291875 0.66 0.07375 0.22
1 0.31413740054989686 0.6424094043058507 0.022659990319801294 0.03876447102497196
2 0.3525 0.6216666666666667 0.0575 0.14333333333333334
1 0.3480037571461159 0.612596031101726 0.020149081888905584 0.03603138165182694
2 0.22625 0.5966666666666667 0.0625 0.09333333333333334
2 0.370625 0.5858333333333333 0.04875 0.07166666666666667