1 0.056110963258550084 0.16561194287206624 0.03323971381909878 0.0344406561894895
1 0.20599614628908824 0.16655494612449284 0.033443787031313975 0.03777398952282283
1 0.34197827441046486 0.1691440606535441 0.030165732122152632 0.035079923903873954
1 0.3786236404715412 0.15468974204289546 0.027665732122152634 0.03492467140871478
2 0.495625 0.25333333333333335 0.05125 0.43333333333333335
0 0.479375 0.07583333333333334 0.01875 0.065
2 0.270625 0.7725 0.39875 0.455
0 0.36919690011594564 0.6192400681514784 0.1279844160031034 0.11752974601521941
1 0.021582702048662413 0.8352193398381865 0.033073878546583085 0.0419018430656998
1 0.15246279356393144 0.8391646160435862 0.03626267721299115 0.0329680551417717
1 0.1923351962311154 0.8232376963852198 0.03323971381909871 0.0344406561894895
1 0.6105882061653839 0.7617742859626795 0.03927286024352924 0.04145664097026421
0 0.6636487885967972 0.5099364067234002 0.04008915309239029 0.05478997430359764
2 0.6523354025318417 0.6639866340186974 0.15932305334367824 0.3751667407766308