2 0.391875 0.2841666666666667 0.23625 0.5683333333333334
1 0.42734512340577735 0.3695379072525452 0.07123649810013888 0.0713763307823558
1 0.23184015767569421 0.11048648596962371 0.02548005220358334 0.027693927660365224
2 0.805 0.37916666666666665 0.0775 0.37833333333333335
2 0.66125 0.5 0.09 0.13666666666666666
2 0.57375 0.41083333333333333 0.0775 0.315
2 0.890625 0.1375 0.08375 0.275
2 0.618125 0.12666666666666668 0.05375 0.25333333333333335
2 0.803125 0.0925 0.07375 0.185
0 0.573511499165083 0.2793191830283974 0.027442856990722363 0.06853695737671671
0 0.6595115867035274 0.47334580774753626 0.031832404027194484 0.06940422805061397
0 0.8038175094993053 0.22776513597891457 0.02984102773541679 0.06272301680941988
0 0.7512608890583331 0.12317667665095366 0.019564634042444594 0.04681211241194054
0 0.6815357150463887 0.21431489044312524 0.027282839589527725 0.059370290710050046
0 0.5561159412619164 0.09415919270859613 0.024593728115388843 0.048517564610680304
0 0.55625 0.018333333333333333 0.025 0.03666666666666667
0 0.616875 0.0033333333333333335 0.02125 0.006666666666666667
0 0.893125 0.010833333333333334 0.01875 0.021666666666666667
1 0.5615601060045828 0.5342610047302878 0.023954181078916576 0.0476793830858378
1 0.8110961685423885 0.4553524034260789 0.019927787385944383 0.031816960603449615
1 0.7555309243931941 0.34407303647390564 0.02125052256830557 0.035993323653134436
1 0.6798898096518051 0.45183428320916175 0.01931733442241665 0.03264544574527387
1 0.6216666383746388 0.20634946405824878 0.016802787385944384 0.031792719645904036
1 0.5348524393620555 0.023151324480934127 0.014186411094166686 0.025106660213200863
1 0.8199963420218609 0.12454331105029126 0.016061411094166828 0.02512120478772829
1 0.9140071435417498 0.1819469028263456 0.01798005220358334 0.02763574936225562
2 0.7478428580556664 0.28317182845944455 0.07198205493836127 0.3646757267751252
2 0.535 0.3591666666666667 0.05 0.3883333333333333
0 0.5399807498487776 0.19488101763721952 0.022776916261277903 0.05183635336948612
2 0.7275 0.058333333333333334 0.0575 0.11666666666666667
2 0.369375 0.7841666666666667 0.23625 0.43166666666666664
1 0.403262109271833 0.8636022062912833 0.0585182925530556 0.058779366952173104
1 0.050037892858055315 0.687505403797746 0.02934642849536111 0.03438968347608665
1 0.18583745729572196 0.6785574613552272 0.025581881458888914 0.03352726099369856