2 0.34375 0.15 0.1425 0.3
1 0.3205212186533872 0.14263811181540564 0.04642453489432853 0.04503380590130973
1 0.018409869317317168 0.12132723231539529 0.027016809601642038 0.035425049375085296
1 0.1465130524555261 0.10238222948068615 0.024509537314378348 0.03348628509213161
1 0.185193965726521 0.08233138309490413 0.02261999273985097 0.02994887854658297
2 0.955625 0.36 0.08875 0.2
2 0.795 0.4058333333333333 0.095 0.10833333333333334
2 0.756875 0.19333333333333333 0.06625 0.38666666666666666
2 0.940625 0.15 0.06125 0.3
2 0.99 0.14833333333333334 0.02 0.2966666666666667
2 0.876875 0.25166666666666665 0.06875 0.4166666666666667
0 0.7919857511276662 0.3891505889189167 0.030864985479701942 0.05833319579951573
0 0.755 0.03 0.025 0.06
0 0.83 0.006666666666666667 0.025 0.013333333333333334
0 0.8669049225584101 0.0758516116221629 0.027114985479701943 0.057925049375085295
0 0.940625 0.011666666666666667 0.02875 0.023333333333333334
0 0.9497944066316956 0.2994404146887634 0.025254530054229177 0.06105430949620351
1 0.9407389705666204 0.23039275634576792 0.02206407946885605 0.04571418747584469
1 0.8711753078024421 0.33801148960180416 0.024593168617910804 0.05265295175879828
1 0.7571744138918446 0.2928919311428631 0.02388453731437835 0.033418260688059906
0 0.8350448838376152 0.2260555473005607 0.0284486167832344 0.07722776484989557
2 0.356875 0.8066666666666666 0.07125 0.38666666666666666
2 0.0775 0.8341666666666666 0.08 0.33166666666666667
2 0.015 0.83 0.03 0.34
2 0.195 0.8225 0.0875 0.355
2 0.2625 0.8125 0.0675 0.375
2 0.1275 0.7941666666666667 0.07 0.4116666666666667
1 0.00625 0.9708333333333333 0.0125 0.035
1 0.086875 0.9891666666666666 0.02375 0.021666666666666667
1 0.199375 0.9883333333333333 0.02375 0.023333333333333334
1 0.12979804277532736 0.8681651290296899 0.02264544574527392 0.0357822118799163
1 0.2475598451168203 0.9153765410642004 0.022652718032537676 0.03744887854658297
1 0.35694938969134765 0.9068056036849771 0.022649081888905586 0.03661554521324983
0 0.02339449133343436 0.5579265622470776 0.028964532474278996 0.05229578925396727
0 0.0175 0.4841666666666667 0.0225 0.04833333333333333
0 0.06291493707870828 0.5869743581238905 0.030846804761542616 0.05416652913284921
0 0.07969581404895791 0.7068723902846917 0.027772710772388506 0.0654930737791571
0 0.123064018967614 0.614610681999669 0.022681807181592434 0.04411554521324973
0 0.19338399960721658 0.6803252820769661 0.024029983059652125 0.06675159402139325
0 0.25332582130910697 0.6604616059527445 0.025221804761542614 0.05355430949620341
0 0.3514217321600522 0.6431151078468127 0.025181807181592433 0.04438764282953675
0 0.34421220694592236 0.5671967096249354 0.02581771561248786 0.04695566723360851
0 0.3696117660407478 0.5127410423913269 0.027114985479701943 0.057925049375085344
0 0.24875 0.48083333333333333 0.0225 0.041666666666666664
0 0.20763495401905602 0.5070260297125774 0.023346804761542616 0.053350236283988155
0 0.1696844889133847 0.5511755183609542 0.023357713192438182 0.0558502362839882
0 0.12754405042825986 0.49489982010042827 0.019578624043383428 0.04877542319289101
0 0.11833267689169297 0.5334201861615047 0.020788626463433105 0.03974480533436785
1 0.9207644235720432 0.6185045633809613 0.02699499273985097 0.0304250493750853
1 0.9569380645557746 0.5970591479447996 0.02824862888348278 0.03139443151656224