2 0.328125 0.21666666666666667 0.06375 0.3933333333333333
1 0.33875 0.2783333333333333 0.0425 0.05333333333333334
1 0.00375 0.20333333333333334 0.0075 0.03
1 0.06214886600621597 0.20472806110025762 0.024143844499482016 0.03060275224688894
1 0.1949827675777925 0.20479419906636556 0.029260283870851396 0.03424659057054062
1 0.30643481323546823 0.22780783678420324 0.026077064185166705 0.03238585828492489
2 0.380625 0.37666666666666665 0.04125 0.4066666666666667
2 0.77 0.15583333333333332 0.085 0.31166666666666665
2 0.5375 0.11416666666666667 0.075 0.22833333333333333
2 0.474375 0.09083333333333334 0.06875 0.18166666666666667
2 0.63625 0.05 0.0775 0.1
1 0.5251933368091167 0.14389714893982558 0.02235617402800898 0.032986312875519466
1 0.566285817536815 0.09228525547440208 0.019202064185166706 0.031958913923237256
1 0.62125 0.01 0.0225 0.02
1 0.759085439538887 0.19672578814728467 0.022443503556536085 0.03548631287551946
1 0.4651385636078736 0.07777846131880466 0.019143844499482015 0.03029224725657059
2 0.750625 0.043333333333333335 0.06625 0.08666666666666667
1 0.049030666337643754 0.6597989178955612 0.03116439371369367 0.035196363275243434
1 0.08515053366596362 0.6434199031728763 0.027385283870851394 0.03413015119917115
2 0.509375 0.79 0.29875 0.42
1 0.5048456492997742 0.9319861152489485 0.1007894122411848 0.10022151397787411