2 0.2175 0.26 0.435 0.52
2 0.600625 0.35083333333333333 0.18125 0.3383333333333333
0 0.6011031427266422 0.22866704043267172 0.060692467802978455 0.08010241173083955
1 0.7807876556863701 0.3177283429992834 0.04169444856568475 0.04493783789898487
2 0.453125 0.6191666666666666 0.11375 0.19833333333333333
1 0.4485158143092251 0.5738495902434301 0.04089484471822601 0.03820802500823106
1 0.06751383354651874 0.5790985998272208 0.026992066351699647 0.030985474744985027
1 0.19268843739397748 0.559802688343165 0.024513891832631956 0.03156622318197075
1 0.22685312153169193 0.5405594589091366 0.026367066351699577 0.030922328520898268
2 0.68625 0.8375 0.095 0.325
2 0.843125 0.775 0.08125 0.45
2 0.975 0.66 0.05 0.28
2 0.5325 0.6591666666666667 0.045 0.2783333333333333
2 0.609375 0.635 0.06375 0.23
0 0.8489126556863701 0.5865534295820375 0.026331354336872864 0.05335918229681113
0 0.6893312960507596 0.7057364651611944 0.028380958184331746 0.06021528763573864
1 0.8192400379003553 0.5770844483382109 0.020313495680090624 0.03779086628002858
1 0.8387598508261559 0.8552024940358056 0.025916670199158318 0.03752584896347779
1 0.9726011354702482 0.6954014127590542 0.02412897212288783 0.04066974362455047
1 0.9470951931821293 0.5982429928429667 0.019579368275428947 0.03356105338927497
2 0.94625 0.5933333333333334 0.055 0.14666666666666667
2 0.896875 0.645 0.06875 0.25
2 0.74 0.6791666666666667 0.0675 0.31833333333333336
1 0.6139186032732266 0.6576701173905554 0.02270436827542902 0.0338767845097099
1 0.6463451878833917 0.6809900341806139 0.023373019237293704 0.03560659740046352
1 0.520625 0.685 0.02125 0.03