2 0.944375 0.07 0.09875 0.14
1 0.9740742153488335 0.06251196140752407 0.016090505167111076 0.027758495401729987
1 0.04547125341847249 0.9508982674508469 0.02799459924005557 0.030254951907044757
1 0.1821716889808058 0.9313338477316919 0.025494599240055607 0.030080259309434705
1 0.30576167157961137 0.9135198974833236 0.028038240349472263 0.03275495190704485
1 0.333125 0.89 0.01375 0.03
2 0.38875 0.8108333333333333 0.0675 0.37833333333333335
2 0.550625 0.8966666666666666 0.09875 0.20666666666666667
2 0.627650696047778 0.7460222897648283 0.06795566124538908 0.3526569751241842
2 0.48625 0.6825 0.0625 0.285
2 0.63125 0.6308333333333334 0.1125 0.18166666666666667
2 0.51375 0.5825 0.045 0.085
0 0.37895731648875014 0.6591065171121626 0.02466646329775003 0.054159579677296295
0 0.485 0.5516666666666666 0.02 0.023333333333333334
0 0.5411216895132779 0.5568308186353654 0.01741324034947226 0.03201250836720178
0 0.6262385883733612 0.5934349434660232 0.0207709929330278 0.045564207447547744
0 0.5380450337374448 0.8824422427270008 0.03747195106366661 0.07253304266534694
0 0.5497158526585281 0.8340687797389502 0.031149215881305564 0.0679296445046549
2 0.545 0.6941666666666667 0.0525 0.30833333333333335
1 0.3425 0.6866666666666666 0.005 0.023333333333333334
1 0.5175 0.55 0.015 0.02
1 0.4882756960477781 0.7557614020815934 0.01925914627652787 0.030476861148742672
1 0.3796145459715281 0.8759915495258421 0.023023693312999995 0.03157223337849132
1 0.6103839711996392 0.7964554777641685 0.019302787385944386 0.032976861148742764
1 0.532287542704278 0.767704281623416 0.019898693312999996 0.031353867631478544
1 0.6777213409569168 0.6031870785483487 0.01607595813063881 0.0269251620683967