2 0.049375 0.30916666666666665 0.09875 0.3616666666666667
2 0.07625 0.07333333333333333 0.075 0.14666666666666667
1 0.07704667978194309 0.04039360390052612 0.02410498824054315 0.04135698528117984
2 0.170625 0.06333333333333334 0.08625 0.12666666666666668
1 0.195625 0.011666666666666667 0.02375 0.023333333333333334
2 0.9175 0.3358333333333333 0.165 0.30833333333333335
0 0.917575209406916 0.21717474502700307 0.05442987924004825 0.066207308657535
1 0.935 0.4708333333333333 0.05 0.03833333333333333
1 0.550144240161919 0.40255439827033834 0.02805417503386842 0.030625473159927877
1 0.7093581234726734 0.37883065108565195 0.02604815558566088 0.027248502164273988
1 0.6750132207137114 0.3963118874489688 0.02611366530976454 0.028915168830940655
0 0.18348437268132756 0.8068505177540761 0.036932536861062175 0.04998123636331684
2 0.18625 0.8883333333333333 0.1425 0.22333333333333333
0 0.55625 0.5491666666666667 0.0525 0.11833333333333333
2 0.599375 0.745 0.13875 0.51