1 0.45314816245020173 0.16344806386553784 0.05427873416055817 0.049861832916673926
2 0.08375 0.6108333333333333 0.0775 0.085
2 0.31375 0.5983333333333334 0.0625 0.06
2 0.294375 0.9066666666666666 0.12625 0.18666666666666668
2 0.45375 0.9033333333333333 0.13 0.19333333333333333
0 0.32466866295440483 0.6634257398594915 0.02310300227999335 0.060719823132532914
0 0.3017407688868191 0.8373579447892083 0.03202781930985211 0.06473266241968266
0 0.46030281146146607 0.84130425476413 0.03137225544788166 0.052232662419682656
2 0.691875 0.7858333333333334 0.04375 0.3616666666666667
0 0.67875 0.6325 0.0175 0.045
0 0.676875 0.5858333333333333 0.01375 0.035
0 0.7308312544394755 0.7409362916968126 0.02650336822027569 0.0543443733032161
2 0.72875 0.8575 0.0875 0.285
1 0.72375 0.9791666666666666 0.0275 0.041666666666666664
2 0.85625 0.8566666666666667 0.125 0.2866666666666667
0 0.8630995927566576 0.743677417143618 0.02945355119041693 0.051253720667674356
0 0.7367270461262274 0.6644152334488209 0.023478917130699415 0.04415022874498287
0 0.7525 0.5833333333333334 0.02 0.03
2 0.7782395628535642 0.7822706467219198 0.0706809711053127 0.35074370238956554
0 0.7833746675143913 0.6245279660241282 0.02179187455605245 0.03571982313253291
1 0.7610457838383659 0.8947303295432035 0.02054187455605245 0.0356227508534162
0 0.8396289505853732 0.5929172768323687 0.025266508615769966 0.04262917049699117
0 0.841333707809045 0.6800693048946186 0.02695355119041693 0.05105957610944112
0 0.8866133568203094 0.6543001679970343 0.02281021287323469 0.043268359272091175
2 0.959375 0.7583333333333333 0.08125 0.33
0 0.968798569693544 0.6188461271938326 0.023391508615769965 0.042483562078316196
1 0.9609975053273706 0.8274221412249574 0.022416874556052447 0.035768359272091176
2 0.991875 0.705 0.01625 0.2733333333333333