0 0.6154725877035507 0.3879821448334005 0.043628045810716574 0.08643452942923602
0 0.25904690190026514 0.06634048147674908 0.0276428170964995 0.057878171737745183
0 0.3776231594890935 0.31339618425628735 0.035711133113281904 0.06799453227243608
0 0.2833249682872232 0.2335307705495245 0.03197045742843429 0.05711271538298168
0 0.18951680811939808 0.332163534266907 0.04977400215943391 0.09568846649692091
0 0.12513322189654963 0.26527325941013186 0.040957255768760276 0.061415136006787635
0 0.5102092926023755 0.24789370676848022 0.03541765078973839 0.07381816889454512
0 0.45317504115248297 0.11772827884571711 0.03499141377715148 0.06631816889454513
1 0.4346294379935292 0.41103252204537766 0.02679034307132568 0.042878171737745184
0 0.03890334671146185 0.17552420623805992 0.029858659088108207 0.05291695858264234
0 0.04573809708163742 0.35245268410778097 0.03798365908810819 0.05304301582855733
2 0.65625 0.2916666666666667 0.0325 0.4266666666666667
2 0.77875 0.20916666666666667 0.095 0.41833333333333333
2 0.92 0.11666666666666667 0.0725 0.23333333333333334
2 0.97 0.056666666666666664 0.06 0.11333333333333333
0 0.789375 0.015 0.02875 0.03
1 0.760625 0.005833333333333334 0.02125 0.011666666666666667
1 0.7715719224765067 0.27334828453211724 0.02636410605873877 0.035378171737745184
1 0.9099072240559835 0.12869853380009186 0.02530354473099962 0.03869211164863013
1 0.9696719019002651 0.023699117632042903 0.021847027054543274 0.03281029475917554
1 0.8874180245557435 0.029095515128334457 0.020549667386478062 0.03195756800339382
2 0.88875 0.0475 0.065 0.095
2 0.838125 0.09666666666666666 0.07875 0.19333333333333333
2 0.679375 0.12166666666666667 0.07875 0.24333333333333335
1 0.635 0.5808333333333333 0.01 0.045
1 0.563125 0.5458333333333333 0.02625 0.03166666666666667
2 0.72375 0.5975 0.09 0.135
1 0.7199575360932642 0.5715670088266129 0.01800230771841271 0.031085447825163516