2 0.2450562909100495 0.16530425311178695 0.056812382466085866 0.2874487410127656
0 0.268624318509485 0.5642667090324209 0.043536394480112935 0.08379232614354577
0 0.24348042792242885 0.04663079775809486 0.019855014285525954 0.038775423192890957
1 0.05377988928717364 0.2421248342739743 0.03179547077900679 0.045067886870254294
1 0.23608035649479894 0.22941993585885417 0.01599592012972465 0.030033943435127147
1 0.3266958665590022 0.09657940123704298 0.014088191882984234 0.02732987022291193
1 0.18246585227347623 0.11760045496720664 0.01719137305182386 0.026003325576603988
2 0.17375 0.09166666666666666 0.05 0.18333333333333332
2 0.12125 0.0875 0.0425 0.175
2 0.285625 0.10166666666666667 0.05125 0.20333333333333334
2 0.325625 0.085 0.04625 0.17
2 0.42 0.125 0.04 0.25
1 0.406875 0.15166666666666667 0.01375 0.03666666666666667
2 0.83875 0.12916666666666668 0.09 0.25833333333333336
1 0.8697680633132504 0.18565962767699082 0.019142738960885027 0.03204073212215254
2 0.209375 0.85 0.38125 0.3
0 0.7828758272738057 0.9331603153460781 0.05633411201270889 0.06022083862905257