2 0.30875 0.3458333333333333 0.09 0.18833333333333332
2 0.104375 0.2966666666666667 0.08125 0.2866666666666667
2 0.223125 0.2683333333333333 0.08375 0.3433333333333333
2 0.305625 0.043333333333333335 0.04625 0.08666666666666667
0 0.22934310811666875 0.13563644974503475 0.017718168617910805 0.051631625612015265
0 0.29813715854492867 0.2826180976601659 0.024596804761542614 0.05310595472149743
0 0.09638900686736558 0.1872151255316745 0.022104077048806375 0.05453953201501899
1 0.308125 0.0075 0.01375 0.015
2 0.173125 0.021666666666666667 0.03875 0.043333333333333335
2 0.599375 0.055 0.08375 0.11
1 0.594375 0.015833333333333335 0.01875 0.03166666666666667
2 0.8571816861791082 0.6863772461672272 0.07294807907607265 0.39580971380130014
2 0.6249648886777146 0.6296629521930956 0.062177633330798725 0.3614857506321005
2 0.560625 0.6016666666666667 0.05625 0.3233333333333333
2 0.718125 0.5608333333333333 0.06625 0.24166666666666667
0 0.556875 0.4525 0.02375 0.025
2 0.896875 0.5225 0.06875 0.165
0 0.6199099298185593 0.47423752526276625 0.018942715612487858 0.04591483696525444
0 0.8539544574527389 0.5199436688737055 0.028982713192438184 0.05601386112450124
1 0.6166294090517452 0.7254787649991034 0.020763173458010157 0.033589653995113246
1 0.6545398765774663 0.6727574853919749 0.01825590117074654 0.03168989795530157
1 0.7060512622142815 0.584587547565882 0.020763173458010157 0.033589653995113246
1 0.8487916643986612 0.7696930589732347 0.021395445745273918 0.03531459300506602
1 0.9139435490218433 0.5118495239182246 0.01449135659621902 0.02800693056225062
1 0.5544526091303019 0.6620810603177762 0.01762362888348278 0.029964958945348598
0 0.740898544181744 0.5463242963418516 0.015159990319801295 0.03806520290553692
2 0.830625 0.5525 0.05625 0.225