2 0.440625 0.18166666666666667 0.13375 0.36333333333333334
1 0.4053076727597217 0.22774452467646625 0.046923806722365666 0.0432078599193693
1 0.2883095925165127 0.1436856894971684 0.027919138737588015 0.034583625249308816
2 0.5625 0.0775 0.045 0.155
1 0.5590566371707273 0.06372622783791854 0.017588070357377177 0.023595144536387808
1 0.5765608352233058 0.9729534100997349 0.04215300790866536 0.05063028622957537
2 0.803125 0.8483333333333334 0.09625 0.30333333333333334
2 0.8284326727597217 0.7847916984086825 0.07838599291194598 0.3777042147676601
0 0.8290269166230698 0.6405474580522219 0.02465300790866536 0.050358778315296795
0 0.5582183596955513 0.4955115903670803 0.02275254111018768 0.049496354848290736
2 0.670625 0.6108333333333333 0.06625 0.2816666666666667
0 0.66375 0.47583333333333333 0.0225 0.011666666666666667
1 0.6715385865850136 0.6638340593252873 0.022268671939110262 0.03366302151495745
2 0.626875 0.5583333333333333 0.05875 0.17666666666666667
1 0.6312117719539827 0.5719158619987414 0.01844227154367701 0.031104841247611904
2 0.746875 0.5858333333333333 0.07125 0.23166666666666666
1 0.7495383794672148 0.6176025769998091 0.02029180474519933 0.03030059804795144
2 0.816875 0.5483333333333333 0.06875 0.15666666666666668
1 0.8222187739311491 0.5814583650753491 0.019463070357377175 0.023624234670060484
2 0.88625 0.535 0.065 0.13
1 0.8896699672087834 0.537891726840683 0.01716680474519933 0.030252114491830184
2 0.939375 0.5733333333333334 0.06625 0.20666666666666667
1 0.9465173735357157 0.577028719541726 0.01831493755128818 0.026938174580945332
2 0.6975 0.5066666666666667 0.045 0.07333333333333333