2 0.14625 0.19 0.1475 0.38
1 0.7296397049968397 0.33544413201337114 0.061134077339272605 0.06021475005040732
2 0.6775 0.19 0.2425 0.38
1 0.31236646715469296 0.08159605004955589 0.02523999360279987 0.02827584194518522
1 0.2759855615531658 0.09547107922903725 0.029680446403563467 0.035911614285592655
2 0.2925 0.8483333333333334 0.09 0.30333333333333334
2 0.655 0.8266666666666667 0.0725 0.3466666666666667
2 0.713125 0.9516666666666667 0.07625 0.09666666666666666
2 0.5920409546467282 0.581699301112371 0.05630993176319862 0.29500139351548155
2 0.36537598236792873 0.6938639942237411 0.071150373901962 0.3487808359672963
0 0.9892291114576731 0.4864963959435566 0.01601044427116335 0.04465156788240743
0 0.7176855828771661 0.9415282204634081 0.02867771253978148 0.06420615552166661
0 0.6592859781031286 0.684646803746334 0.02226044427116335 0.04484552836870374
1 0.283125 0.985 0.02375 0.03
1 0.3392782676957472 0.747235422896593 0.017144083736472596 0.03135702664633338
0 0.2648900362508007 0.5315357716304446 0.016555446403563465 0.035504297264370405
0 0.2863714436982925 0.7205867587630743 0.022841809070654334 0.03986492441733333
0 0.46824775732018237 0.5111728207684079 0.021061352005090725 0.050640069604777786
1 0.5948459631763283 0.6184629480221858 0.01643908586887264 0.022170963931037024
0 0.5888368325270548 0.4473968621052969 0.01652635626989081 0.03217096393103707