2 0.205625 0.3175 0.26875 0.545
0 0.18266858189050794 0.12163498006152046 0.08859815254614489 0.13330967304048266
1 0.864974850731997 0.2826595402091766 0.055399989337999785 0.050532746863541436
2 0.84375 0.24 0.185 0.48
1 0.5128880715149432 0.14511830146425345 0.03154817387014532 0.03683678799064864
1 0.5804244341820342 0.14351750607111918 0.027827264003818044 0.03984970676510405
1 0.722292161648616 0.13056182192690807 0.027158628803308885 0.03479630433862449
2 0.170625 0.8658333333333333 0.09375 0.2683333333333333
2 0.25375 0.8166666666666667 0.0825 0.36666666666666664
2 0.211875 0.64 0.05875 0.1
1 0.211875 0.5975 0.02125 0.015
1 0.246875 0.9825 0.02875 0.035
0 0.17163123685548837 0.7854013094819728 0.03315452800763602 0.0777769261769411
0 0.25262626031188884 0.6775722582798069 0.025523622406108826 0.062136097059185526
1 0.8233030437937426 0.831777608888887 0.03969499147039983 0.04003101953488378
0 0.82875 0.6008333333333333 0.0475 0.021666666666666667
2 0.82125 0.7858333333333334 0.1475 0.39166666666666666
1 0.40534487418839743 0.8149504297772852 0.02720953653723619 0.04062963767195773
1 0.5340366939210521 0.797282863255813 0.027827264003818044 0.03984970676510405
1 0.5707662432526885 0.7774654534268476 0.029658628803308957 0.03500991404454301