2 0.618125 0.5341666666666667 0.12375 0.09166666666666666
0 0.6356364799490933 0.5156557836515537 0.03410635413749048 0.044770323191999827
0 0.20911739621262065 0.4967663932143203 0.11304587788032663 0.1472170589759503
2 0.9090596538192386 0.2806493630919988 0.08517673017185273 0.3878841791015801
2 0.6975 0.07916666666666666 0.035 0.15833333333333333
2 0.7526282783577475 0.2115163176378264 0.07462445550603455 0.39497808970162945
2 0.866875 0.025 0.04875 0.05
0 0.7508850597072012 0.05281844820646839 0.02367771253978148 0.06603090045871596
0 0.9117423429026197 0.11662851086454205 0.02476044427116335 0.047010048231259136
1 0.7422496687460389 0.3254227093437524 0.020319991470399826 0.03899969769402465
1 0.9019951300764026 0.3732536242292828 0.019716809070654335 0.04142679047441978
1 0.866875 0.005 0.01375 0.01
2 0.791875 0.145 0.05875 0.29
2 0.595 0.79 0.17 0.42
1 0.11678510235520206 0.7039660764815304 0.02837953866963623 0.03244749154888874
1 0.18241737488862023 0.7107880012067154 0.027776356269890813 0.03487458432928387
1 0.3193360100891293 0.7217546823001966 0.029011811203054377 0.03335373210182714
1 0.4425046452896384 0.7311174045623691 0.02523999360279987 0.03041628878419753
1 0.4770178234245837 0.7192939683073073 0.02648999360279987 0.030562103223407272
2 0.720625 0.79 0.08125 0.42