0 0.38510113547024816 0.20546199535086307 0.04196429328391076 0.07966606205471596
0 0.3825 0.35583333333333333 0.0275 0.06833333333333333
2 0.384375 0.3566666666666667 0.11625 0.06666666666666667
0 0.9154384744851405 0.12432532222498632 0.07455953415467803 0.11088433025456766
2 0.825 0.21 0.35 0.36
1 0.60125 0.2916666666666667 0.0225 0.03666666666666667
2 0.020625 0.6216666666666667 0.04125 0.43666666666666665
2 0.131875 0.5458333333333333 0.08875 0.31166666666666665
2 0.040625 0.43583333333333335 0.05125 0.09166666666666666
2 0.16625 0.4425 0.06 0.105
1 0.12768843739397753 0.6302126755393076 0.022813495680090626 0.038385086019506125
1 0.035 0.39666666666666667 0.0175 0.013333333333333334
1 0.6151467777922942 0.5554941050334804 0.023888891832632028 0.03186423379204939
2 0.9475 0.5825 0.105 0.3516666666666667
0 0.9610376662838452 0.44204102082404756 0.04894048174153454 0.06054094868997519
1 0.9191864566312711 0.6277394948673563 0.03718849568009091 0.040061952070419696