1 0.36524655952750223 0.2812488495479814 0.06471867921004076 0.06156717149634422
2 0.303125 0.20916666666666667 0.27125 0.41833333333333333
2 0.5756844842672579 0.2072137403368772 0.09491414805463336 0.39129153120424914
1 0.5634080080177195 0.26446234756831416 0.02402196915466959 0.032539577513822075
2 0.6925 0.36083333333333334 0.1075 0.25833333333333336
0 0.6850100808121086 0.293140156383485 0.03388502652639375 0.08199721446287393
2 0.25875 0.745 0.5025 0.51
1 0.10296073164267415 0.859176686971443 0.09839601110372848 0.10030379519648117
2 0.7913708846363982 0.7177892684445996 0.14372002899224895 0.4073252571828872
0 0.777839847006276 0.5404832486328562 0.040792642812846225 0.04400334645899003
1 0.7835094602067194 0.7757014763446451 0.04496738371354752 0.04000641245704799
1 0.516875 0.725 0.01375 0.03