0 0.48 0.21416666666666667 0.04 0.095
0 0.035 0.21083333333333334 0.07 0.11833333333333333
2 0.196875 0.30666666666666664 0.39375 0.3466666666666667
1 0.20428249209811086 0.393242353684699 0.026148693313000137 0.03179059912550391
1 0.24079433875461093 0.380775396350046 0.026148693313000137 0.03179059912550391
2 0.888125 0.33416666666666667 0.15875 0.2916666666666667
0 0.899819687310972 0.22639151514954706 0.04478283958952772 0.06222378712484404
1 0.585601569302333 0.4105192932298208 0.02750052256830557 0.03771127875764231
1 0.7108343218858886 0.40592058977699425 0.029390069604777837 0.038675631539183165
1 0.7473898096518051 0.3909536324423414 0.02690461664124996 0.03933427227490635
2 0.035 0.77 0.07 0.46
0 0.039019600304999784 0.5907895703287868 0.0305096688448333 0.06705263802191913
0 0.01797325881561079 0.5776380165824339 0.027864198480111214 0.058544612090975647
2 0.931875 0.8766666666666667 0.13625 0.24666666666666667
1 0.6766442528135828 0.9799208020486017 0.02613414627652787 0.030957265792170573
1 0.7119642876159716 0.9640331650818101 0.024898693312999997 0.03170325282669864