2 0.349375 0.43583333333333335 0.06125 0.14833333333333334
0 0.9361751869176832 0.23774014199745902 0.045655700184570096 0.09262669523771858
0 0.6750705231303077 0.1687330476228137 0.037194456507936596 0.07245214458843634
0 0.5654403411443348 0.08785796926687094 0.033508731029900506 0.06071274848456899
0 0.47677692226652035 0.19587318571623152 0.0517212702030271 0.10192427489134692
0 0.400625 0.1275 0.04125 0.065
0 0.8084610148025112 0.09304749827341396 0.03684981924695478 0.07827093203432961
1 0.8427185046216334 0.4543214259791957 0.03502326465116283 0.05325638614688955
1 0.7462468969730542 0.26969118355415445 0.02778779827242545 0.04559638138504738
1 0.5881190228202307 0.4685894813881229 0.034358212831303095 0.05240850692611578
2 0.09625 0.5891666666666666 0.1075 0.15833333333333333
1 0.09569743923219001 0.5688930523846557 0.02430233189368778 0.038023651947846515
2 0.030625 0.8641666666666666 0.06125 0.27166666666666667
2 0.60375 0.6616666666666666 0.09 0.30333333333333334
2 0.49125 0.5858333333333333 0.0875 0.15166666666666667
2 0.42125 0.6575 0.0825 0.295
2 0.71625 0.6425 0.11 0.265
2 0.82 0.6125 0.08 0.205
2 0.636875 0.9241666666666667 0.13875 0.15166666666666667
0 0.6493001869176832 0.8999863190522011 0.03559981924695478 0.07824184025944912
0 0.6221690468807691 0.8822639129913553 0.042499041949058805 0.06591639090873135
1 0.40782857926910404 0.718730722513282 0.021762280073828036 0.037132135064752374
1 0.4980633707567375 0.5522803515185067 0.02188243553340726 0.039632135064752466
1 0.541875 0.5208333333333334 0.02375 0.021666666666666667
1 0.6159377501513483 0.700539062774928 0.028877590992986483 0.04229213982659454
1 0.7108185527427103 0.6307553584468195 0.02430233189368778 0.038023651947846515
1 0.772198059837579 0.5408947069322672 0.022122746452565706 0.044632135064752464
1 0.8277419981469185 0.6030061857206251 0.025287798272425447 0.04553819783528676
2 0.53875 0.5658333333333333 0.0725 0.11166666666666666