1 0.13142965264498474 0.4006334989131355 0.030191213930283636 0.04002039876849381
1 0.666574823608147 0.40472045647575156 0.04436702713695837 0.052457690933135834
1 0.9320820922650088 0.35357056090587435 0.06499468475797243 0.039103203066370044
2 0.6590305748521544 0.27609549426399854 0.17266018588800236 0.4357268049012343
1 0.26731934916241384 0.2345493342383699 0.027658459068231736 0.038895436556740604
1 0.3989650651280505 0.24409942424167827 0.02762570420617976 0.03806210322340727
1 0.4364349678870126 0.2318800979709127 0.03200070420617976 0.038572453760641945
2 0.029375 0.6783333333333333 0.05875 0.31666666666666665
2 0.185625 0.6691666666666667 0.07875 0.29833333333333334
1 0.17903854771519598 0.7062144893751597 0.02246192989592032 0.033312178799901254
1 0.012684967887012526 0.7158420211877033 0.021179175033868416 0.03233303102735798
0 0.21591886295722376 0.6789951631043942 0.02262304658516598 0.05323927158029619
2 0.405 0.9116666666666666 0.105 0.17666666666666667
2 0.293125 0.9225 0.08625 0.155
2 0.485 0.8416666666666667 0.0975 0.31666666666666665
2 0.3220405011300301 0.7916541999876046 0.09065948168182246 0.39132177357219733
2 0.83 0.69 0.085 0.34
2 0.645625 0.8358333333333333 0.08625 0.3283333333333333
2 0.715 0.9325 0.1025 0.135
2 0.553125 0.6 0.05125 0.16
2 0.67375 0.6175 0.1525 0.195
0 0.25375 0.9066666666666666 0.0075 0.06666666666666667
0 0.2654771040244658 0.8879155330192591 0.030548859791840643 0.06494749154888875
0 0.3914703803700783 0.8644552724853328 0.034989369515944446 0.06712450875279008
0 0.4746547114422691 0.7173810048888387 0.032391104929788736 0.06433287987437021
0 0.6893634387147012 0.9091591090172828 0.02893589868825586 0.0713954365567406
0 0.7019316060598187 0.8965234939623198 0.02396865355030769 0.07164551213323458
0 0.820625 0.5425 0.02875 0.045
0 0.4949380113067954 0.6002972936730362 0.03147131117132162 0.056759972654765345
0 0.645625 0.5391666666666667 0.02625 0.03833333333333333
0 0.3064420773401689 0.6322272583601972 0.027030801447217846 0.054582955450864196
1 0.32412618181729613 0.9080292377758515 0.021408459068231734 0.03816636436069132
1 0.48135617005783926 0.967016468790814 0.022625704206179903 0.03747884546656792
1 0.6482718977829329 0.9400347514174803 0.02584896879233554 0.04034338156459247
1 0.5574681085478334 0.6241817750805916 0.0178248909995051 0.026135161595999913
1 0.8489314468561133 0.7585524294321958 0.01805417503386849 0.03196849492933325
1 0.4329399647216294 0.542464867257629 0.015259381275401296 0.02417686605091357