2 0.07125 0.0725 0.0975 0.145
0 0.36031771415499064 0.18637007113072135 0.04557895703287869 0.08097262575103893
0 0.13 0.041666666666666664 0.0375 0.08333333333333333
1 0.05625 0.008333333333333333 0.025 0.016666666666666666
2 0.1375 0.14 0.1175 0.28
2 0.871875 0.14 0.25625 0.28
1 0.911875 0.2425 0.09625 0.075
2 0.074375 0.82 0.10875 0.36
0 0.06649781999010244 0.6829909081881081 0.034888447308774884 0.07864613597994605
1 0.06806294391543728 0.9607420446645947 0.030584272274906434 0.04845207036099699
2 0.11318692130184659 0.6177238116341683 0.09075508864696424 0.4054909081881082
0 0.10778768430531073 0.4486347712150812 0.02791784034363303 0.05992467140871478
1 0.11087281999010244 0.6857466399771833 0.025914478516439344 0.040680378494468525
2 0.2610437037535183 0.46147731987691337 0.0632462523740373 0.2607991155221322
0 0.25125883627292694 0.3552946684294718 0.025322233378491175 0.04147489870401207
2 0.2575 0.7816666666666666 0.115 0.43666666666666665
0 0.25180855947465286 0.6072124715726249 0.03340916327441157 0.07273517639903314
0 0.2750424545448641 0.5479704763146731 0.027456614653892614 0.06405252495159156
2 0.050625 0.36583333333333334 0.10125 0.17166666666666666
1 0.09082770782422445 0.36611421582503917 0.01522662641334943 0.022559368513831828
2 0.3575 0.8291666666666667 0.085 0.3416666666666667
0 0.3487030262316353 0.6930344401410935 0.029036820895425423 0.056668964322961035
1 0.25751674174461053 0.8951964867918503 0.027920497964646955 0.044130151199171144
1 0.3492146793292815 0.9757079503700004 0.02926876255080259 0.04670777744675093
2 0.59 0.7875 0.04 0.425
0 0.601875 0.6125 0.01625 0.065
1 0.60375 0.8683333333333333 0.0125 0.04666666666666667
2 0.795625 0.7175 0.23625 0.565
0 0.7763216883760168 0.48034968866392885 0.0594953889641522 0.07019866093153761
1 0.7732391429208809 0.8143405474453942 0.061602330619529085 0.060353913426696784
2 0.955 0.63 0.09 0.35333333333333333
0 0.980625 0.47833333333333333 0.03875 0.043333333333333335
1 0.9367811198546286 0.6923200908686378 0.037363665309764545 0.03058449451314118