1 0.01731973516896435 0.04713650744489674 0.028985944753799585 0.031111767193159116
1 0.08611343942642904 0.05491592542779415 0.03152964901126424 0.032197685422840246
1 0.23255139685178208 0.061421954754893114 0.028985944753799515 0.031111767193158925
1 0.36162046704952927 0.06865988980755759 0.028360944753799515 0.031048620969071974
1 0.396283973385306 0.0539258912471802 0.027110944753799514 0.030922328520898077
2 0.6718741264523537 0.21749642468744293 0.09931728179939484 0.3764160500164624
0 0.6602136558512441 0.06628421400958795 0.026634480992669865 0.05739955651530399
1 0.6684211989300941 0.27019829577990684 0.021748170298587867 0.03535401250411572
2 0.035625 0.7625 0.07125 0.425
0 0.01375 0.5858333333333333 0.0275 0.065
1 0.019955131012340283 0.8336386002797085 0.02714150861577 0.043359182296811315
2 0.17344348783264962 0.6071021625535029 0.0696540666461668 0.27312001394373814
0 0.16138082158984532 0.4956373669793001 0.02718521287323469 0.04419251563014451
2 0.174375 0.855 0.12625 0.29
0 0.16581636694868862 0.7580235069513293 0.035720974656893105 0.07655379076176758
0 0.1887448433813719 0.6973423150296476 0.02903393208224614 0.06758899518756474
2 0.279375 0.9066666666666666 0.09625 0.18666666666666668
0 0.267686792695158 0.8512076512422262 0.0311405937650639 0.06034158008391254
0 0.525625 0.7775 0.00875 0.06833333333333333
1 0.986875 0.8075 0.02625 0.03833333333333333