2 0.156875 0.3383333333333333 0.16125 0.20333333333333334
2 0.33125 0.375 0.1125 0.13
2 0.265625 0.34 0.08875 0.2
2 0.5004321417510176 0.22559306364108067 0.0773724119570835 0.37384894378455535
2 0.41625 0.15333333333333332 0.08 0.30666666666666664
2 0.3457442727048657 0.20403370690644437 0.08699279652025795 0.31269147511206274
0 0.0775 0.015833333333333335 0.025 0.03166666666666667
0 0.15501301477667145 0.055256402920951096 0.024962702739390892 0.04420624418048874
0 0.11812010423867073 0.13352340614073616 0.02485865908810819 0.05334866332362338
0 0.15211844117106055 0.29088683853278563 0.02999141377715155 0.06685172932168143
0 0.12574427270486563 0.21256883518974234 0.0359098961006951 0.061260871223669064
0 0.20913256780604084 0.07069536342072287 0.027121860747782164 0.04927898675108509
0 0.24208677776408458 0.04436174962645761 0.024867983403260466 0.04253957751382217
0 0.286875 0.009166666666666667 0.02375 0.018333333333333333
0 0.3305626821631494 0.08018225804569491 0.02515214141165174 0.047539577513822165
0 0.2553094494694303 0.2660041687695921 0.0285139397519778 0.05182748179814932
0 0.31379541627595126 0.3472522150791652 0.035284896100695136 0.06123662370013695
0 0.403125 0.0075 0.02375 0.015
0 0.498125 0.014166666666666666 0.02375 0.028333333333333332
0 0.4874470064783017 0.06323854878227328 0.02788893975197766 0.0518032342746172
0 0.345 0.02 0.0225 0.04
1 0.28844303569227875 0.19874023154786513 0.019545790041956293 0.025703178182430786
1 0.21924962623399494 0.3258650960854476 0.02319174639067356 0.03499108246675784
2 0.21390730805777858 0.22084084856191546 0.07752381527643137 0.36553985797475413
1 0.41823494838971337 0.21207857503358657 0.021657588382282284 0.0299425874196938
1 0.33786760963725543 0.36302172337514427 0.019347027054543275 0.03317893065889867
1 0.5096471522088212 0.2995657501194906 0.02093786904615186 0.028251673229494827
1 0.45816820199903974 0.1762873242902694 0.018532588382282427 0.02982134980203322
2 0.4575 0.8166666666666667 0.2225 0.36666666666666664
0 0.43895319154123613 0.6931440637643389 0.07741608116362954 0.10028846520619103
1 0.08513007320462557 0.90397128417375 0.02723522871421707 0.029327481798149316
1 0.20489327486429956 0.8951490929889209 0.027187869046152002 0.028494148464815985
1 0.23894608150299532 0.8771245650044568 0.02521814971002158 0.02675473922755297
1 0.5952147301332998 0.6024718450956139 0.02843786904615193 0.028542643511880215
1 0.7317582124568435 0.5913283041087515 0.025170790041956295 0.025921405894219637