2 0.410625 0.1475 0.15875 0.245
1 0.236875 0.25416666666666665 0.02625 0.03166666666666667
1 0.3075 0.25833333333333336 0.0275 0.023333333333333334
2 0.0787966241511743 0.7759201502060902 0.10852712374086863 0.36688818064454076
0 0.07074273520843341 0.6348539381300182 0.036169345855386864 0.08126257535131534
1 0.07631358345129234 0.9396210593872794 0.03161820514063251 0.0344018430656998
2 0.11040425061545854 0.5241987103381803 0.08467525654695755 0.3620799486071953
0 0.10832022688946236 0.37435396283333955 0.028479408304098685 0.05416896432296099
1 0.11134439528454561 0.5957877507572674 0.02281727154367701 0.03219179266597602
1 0.14470181463103096 0.29926037650830656 0.023646005931499018 0.03889727245643248
2 0.20974211385503685 0.5087421434778802 0.07011031899566937 0.33455939321715317
0 0.20156089091990723 0.36350926473514145 0.022472406326932343 0.041319646208852895
1 0.20634652215913554 0.5609316384875619 0.021694605536065836 0.0362808330850631
2 0.25625 0.4116666666666667 0.0625 0.2833333333333333
1 0.2595797699768163 0.44529696608576613 0.01841680474519926 0.03108676746611413
2 0.3993558581286906 0.5895527472814841 0.08370539133021282 0.37116898902628237
0 0.3939176332163946 0.43201393415769423 0.02509974031932103 0.04564156537067873
1 0.4036385340221337 0.6480413331099766 0.02489600593149902 0.038974898704011975
2 0.406875 0.39416666666666667 0.06625 0.24833333333333332
0 0.40125 0.275 0.02 0.01
2 0.330625 0.3883333333333333 0.06375 0.23666666666666666
1 0.33023236364988406 0.4097604753215921 0.02096773834215469 0.03290868662793997
2 0.273125 0.32 0.05125 0.1
0 0.254375 0.28 0.02375 0.02
1 0.27554434585538684 0.29407779917082927 0.017791804745199327 0.03104795434232436
2 0.3475 0.31666666666666665 0.05 0.09333333333333334
2 0.516875 0.49666666666666665 0.05375 0.4033333333333333
1 0.5025 0.5675 0.025 0.03166666666666667
0 0.4975 0.33416666666666667 0.015 0.055