1 0.06875 0.2055601096686534 0.02875 0.036399329086349325
1 0.2 0.18953418702807293 0.02875 0.036399329086349325
1 0.23875 0.16902494637545715 0.02875 0.03973266241968266
2 0.68875 0.1525 0.14 0.305
1 0.7025 0.16219112490956217 0.0425 0.04413379082329906
1 0.36 0.11795559605418797 0.030625 0.03737827083835763
1 0.491875 0.10104780394071587 0.029375 0.03811453189257435
2 0.883125 0.815 0.23375 0.37
0 0.861875 0.6855596669627424 0.075625 0.08670620621989
1 0.459375 0.8501502741716335 0.023125 0.03262917049699107
1 0.53 0.8504990237348767 0.02875 0.03556599575301599
1 0.673125 0.8460509144426882 0.028125 0.03551745961345773