0 0.61 0.3025 0.04 0.035
2 0.48375 0.8825 0.0975 0.235
2 0.116875 0.8691666666666666 0.10125 0.26166666666666666
2 0.3575 0.9558333333333333 0.1275 0.08833333333333333
2 0.21347538556662898 0.6856940763844876 0.06504269709856103 0.36573695005304196
2 0.2559837791509774 0.7108486399321243 0.06710212708010403 0.35660907023127225
2 0.14181647378368328 0.6693188948864992 0.08514702344038462 0.35522360819010845
2 0.07461914312292312 0.5471200767664015 0.06436277421188684 0.28661876694249655
1 0.06837010117386427 0.6121685603225228 0.01819671005537103 0.027761811203054473
1 0.20587201727574667 0.7399383167409481 0.020977072794389075 0.033633931381284586
1 0.24414978902177828 0.7751510605559304 0.020071710055371027 0.02779090133672715
1 0.2766675342414163 0.8912262278379185 0.020937020974529333 0.03280059804795125
1 0.32471338865263805 0.9570977641841978 0.02434238371354752 0.03868241493740584
1 0.43979805367294117 0.719654776787641 0.019486761875230768 0.028614537958836193
2 0.447641732882982 0.6604105364311804 0.06922583158361079 0.3358242204540602
2 0.164375 0.42833333333333334 0.05625 0.21666666666666667
0 0.010625 0.4791666666666667 0.02125 0.03833333333333333
0 0.019674066009597303 0.4688649009548132 0.016922487353266968 0.0402327210693817
0 0.02226352128460636 0.5579249037980133 0.027867901912144787 0.047064231826860425
0 0.12690592905869236 0.7586504056439778 0.02982300555186427 0.04875998862719977
0 0.14269569771871496 0.5210825286654082 0.025648264651162905 0.05285877831529679
0 0.1506437032705792 0.4726619249310567 0.018477072794389145 0.03359514453638771
0 0.17125 0.33166666666666667 0.0175 0.023333333333333334
0 0.22628453238833487 0.45816498625081487 0.020952850092285046 0.046124234670060486
0 0.2260451795201176 0.5281165026946938 0.02494316101144335 0.051182414937405836
0 0.2531530549058688 0.5618371206450454 0.022547487353267 0.04031999147039983
0 0.3098930283794752 0.6417298729896278 0.020752590992986483 0.041957568003393814
2 0.29625 0.8025 0.0725 0.395
0 0.3555245058619412 0.5369329200933858 0.02482300555186427 0.04868241493740584
0 0.3140416304761901 0.5034353265011914 0.020712539173126744 0.04112423467006048
0 0.4384864244296787 0.34412204150225906 0.020792642812846224 0.04279090133672712
0 0.4460125632336651 0.4863990171441016 0.022082694632705967 0.04364362809250892
0 0.4627357495385747 0.5152844791852653 0.02063243553340726 0.03945756800339382
0 0.539410490439276 0.5182584503713508 0.024238057371723867 0.04950605155951498
0 0.5230571221483937 0.5726384446849507 0.026738057371724012 0.04954483840441194
0 0.4898232344259864 0.7963208596223565 0.0341337310299005 0.06048483556121179
0 0.35375 0.9633333333333334 0.04 0.07333333333333333
0 0.3762734935252851 0.7939189943985011 0.028668938309339323 0.06373089849352709
0 0.3516562665042444 0.6693941332484887 0.029798782849760244 0.06125029191597548
0 0.3974870450350679 0.49547899724170125 0.024542642812846224 0.04284908160407255
0 0.3299786514507195 0.470712302143034 0.022507435533407262 0.03948665813706649
0 0.3301853880324842 0.3624565424994945 0.021682176434108556 0.03531029475917558
0 0.07647639790328509 0.43051159036708025 0.024502590992986413 0.04201574827073917
2 0.806875 0.5766666666666667 0.19875 0.5133333333333333
0 0.81875 0.3466666666666667 0.06 0.05333333333333334
1 0.8467402023477285 0.6481552895395907 0.06272352375046154 0.05759755094419347
1 0.984375 0.43666666666666665 0.03125 0.04