1 0.5013729594346663 0.14495384563174493 0.031288814514629594 0.03213453919875311
1 0.64580263984937 0.1312004012009937 0.029413814514629592 0.031945100526492305
1 0.7727870006787774 0.1200483843780103 0.026695092855814836 0.028359182296811173
1 0.8086777532141107 0.10132275715688045 0.02799977327051863 0.029318808078318406
2 0.938125 0.18 0.12375 0.36
1 0.07729969236611027 0.5955669707139807 0.03417157741755546 0.03822045742843424
2 0.094375 0.5525 0.13875 0.305
2 0.935625 0.8075 0.12875 0.385
0 0.9415358670313698 0.6415141640752848 0.043280824882222076 0.05404135834156459
1 0.937518414024925 0.8583454045738063 0.04354657741755545 0.039167650789738294
1 0.5427765170220733 0.8638345666337418 0.028788814514629592 0.0318819543024055
1 0.6704640737044437 0.8442229240292511 0.026343494929333248 0.03246270273939084
1 0.7044251458250733 0.8248534021470488 0.02816381451462959 0.03181880807831836