2 0.3445847498860228 0.3819651843799083 0.13384999140592613 0.3850878230534012
0 0.3335605128894869 0.21276458037267768 0.03847998824054315 0.041119376632371994
1 0.3367465707814482 0.43688761331576215 0.04269121393028371 0.03698664730626926
1 0.04198382767885317 0.3929471448313137 0.025455910447712712 0.027689079468855956
1 0.07636148529986705 0.3773853102224916 0.02479815558566088 0.026850897944013543
2 0.77875 0.51 0.11 0.26
2 0.9269183179547494 0.4206028425658428 0.08671029488849712 0.39388602716537413
2 0.949375 0.10916666666666666 0.06125 0.21833333333333332
2 0.870625 0.0925 0.05875 0.185
2 0.773125 0.105 0.06875 0.21
0 0.761689033920386 0.4134895866740993 0.03403416327441157 0.07107574290878992
0 0.9125043844407844 0.2605398160762242 0.03387038896415206 0.06690907624212315
1 0.7754788982355945 0.17616896975993712 0.018086929895920322 0.030964234504079778
1 0.9501894197191549 0.13836949309884497 0.017494684757972154 0.031792719645904036
1 0.9206576874706939 0.4838683012180483 0.02134294934412793 0.03432180879495869
2 0.038125 0.7733333333333333 0.07625 0.26666666666666666
2 0.09 0.8616666666666667 0.105 0.27666666666666667
2 0.23375 0.865 0.1075 0.27
2 0.42125 0.8408333333333333 0.0925 0.31833333333333336
1 0.039595380370078315 0.8309265601844807 0.021408459068231734 0.03598847546162536
0 0.07516815875104392 0.7503938147247133 0.024465291723114006 0.05017453489432872
0 0.09197499140592626 0.7646865343706173 0.017358350067736835 0.06011635659621912
0 0.23108795250951103 0.7591010144104865 0.028840291723114007 0.050208472234892554
1 0.4381930999537596 0.9573142541685655 0.02338172365438737 0.038503020036152975
0 0.41448562188998184 0.7038742606220313 0.025322233378491318 0.040184231277346875