2 0.225625 0.16583333333333333 0.45125 0.28833333333333333
0 0.08516337946721482 0.07666387963570363 0.0914494806386422 0.0910875722387408
1 0.49977286999168874 0.21477340506799938 0.02831493755128818 0.027520092806370446
1 0.555625 0.21333333333333335 0.00875 0.03
2 0.94375 0.15916666666666668 0.0725 0.3016666666666667
2 0.78125 0.22833333333333333 0.0625 0.16333333333333333
2 0.8325 0.2 0.0675 0.22
2 0.57125 0.1 0.0225 0.2
0 0.7734433071326713 0.17309012938366622 0.02052100593149902 0.03810127750751851
0 0.8236629652316171 0.11731359068074022 0.025903007908665357 0.050756445896555584
0 0.9354010881518744 0.04795017649681417 0.015240871148243684 0.028779442451814817
0 0.931167218980797 0.032233219455258616 0.013939937551288181 0.027073983687888895
1 0.9483000494291588 0.22438409057992525 0.016963070357377177 0.023837630597703687
1 0.6586565846078473 0.2450505238107404 0.027548806722365527 0.043314634042444504
0 0.8131695529731857 0.040065739312925404 0.01846773834215469 0.0322097560282963
0 0.83875 0.0125 0.0175 0.025
2 0.61125 0.23666666666666666 0.075 0.14666666666666667
0 0.6051262427067932 0.19249372918033306 0.027153007908665358 0.050795237993814815
2 0.641875 0.0325 0.04875 0.065
2 0.7025 0.035833333333333335 0.0475 0.07166666666666667
2 0.275625 0.73 0.35625 0.54
0 0.424375 0.9825 0.07625 0.035
1 0.6110631692156946 0.7789788638319254 0.023097406326932343 0.04067886170203716
1 0.7144842277100737 0.7240536609954807 0.02359507233454366 0.036531591084000184
0 0.7022441850330254 0.8762440209751474 0.03661607826604268 0.0744001160079631
0 0.6005549245317351 0.4965370519778143 0.027752541110187677 0.049981300709111165
2 0.605 0.6816666666666666 0.09 0.42
2 0.7117709502348977 0.6557397237107772 0.08171472729976813 0.38550569077985186
2 0.664375 0.4066666666666667 0.05375 0.19333333333333333
0 0.6013019691859498 0.3572152169221105 0.019896005931499018 0.03808188145888892
0 0.7148535241363018 0.4904875750785919 0.020176140714754355 0.04724854812555558
0 0.7020988561515243 0.4825421627178512 0.02114600593149902 0.0381206735561482
0 0.5763507759083154 0.400529850964555 0.024627541110187678 0.049884320465963014
2 0.943125 0.8233333333333334 0.11375 0.35333333333333333
0 0.9482108877861859 0.675094080044073 0.0281600098858317 0.0633146340424446
1 0.976875 0.9816666666666667 0.02625 0.03666666666666667
2 0.7 0.9233333333333333 0.1225 0.15333333333333332