0 0.486875 0.3586126255344779 0.075625 0.08426005238026192
2 0.765 0.3308333333333333 0.085 0.25833333333333336
2 0.899375 0.2841666666666667 0.07875 0.3516666666666667
2 0.97875 0.10416666666666667 0.0425 0.20833333333333334
2 0.80375 0.13583333333333333 0.0425 0.27166666666666667
2 0.870625 0.0575 0.05125 0.115
2 0.929375 0.13666666666666666 0.05125 0.2733333333333333
0 0.598125 0.45166666666666666 0.03375 0.016666666666666666
1 0.89875 0.4139602666631517 0.021875 0.036342439393739594
1 0.8725 0.039182672723997405 0.015 0.020349101298564373
1 0.800625 0.18334322900170988 0.0175 0.027073951514991753
0 0.751875 0.22554198311470908 0.024375 0.03556728961016707
0 0.75125 0.028860770560602256 0.02375 0.04638607705606025
0 0.895625 0.1322208705592841 0.0225 0.044690318614513176
2 0.750625 0.14801289133982873 0.069375 0.27328126017252674
2 0.201875 0.5833333333333334 0.17875 0.24666666666666667
1 0.20125 0.5584825774871576 0.0525 0.05122185454497526
2 0.511875 0.5058333333333334 0.09625 0.09166666666666666
2 0.770625 0.7775 0.19125 0.445
0 0.771875 0.5963162679586405 0.064375 0.07566489307300533
1 0.798125 0.9502605285644614 0.064375 0.06316489307300534