2 0.100625 0.13416666666666666 0.10125 0.2683333333333333
2 0.0125 0.17 0.025 0.34
0 0.04734621931674055 0.21220716547382779 0.034257209094965206 0.06078360365252119
1 0.10044149876908293 0.12625898798945182 0.029169138737588016 0.03700824675057921
2 0.87875 0.24083333333333334 0.2425 0.4816666666666667
1 0.9108298813700191 0.21730331128650665 0.10396115060058606 0.11933320874466498
2 0.035625 0.5875 0.07125 0.195
0 0.27 0.5616666666666666 0.02 0.05
0 0.3569301873461354 0.5258647258555118 0.02200020711779885 0.047083825394869216
0 0.47009657785573694 0.5742458206235137 0.023071939528454665 0.04137678450970978
0 0.6360314331866498 0.6289261530107918 0.03208827747517603 0.07136435208950673
2 0.281875 0.7116666666666667 0.04375 0.38333333333333336
2 0.35301042725515075 0.6949051000740045 0.0746476628738899 0.4038146224086946
2 0.288125 0.5566666666666666 0.05625 0.13333333333333333
2 0.401875 0.6416666666666667 0.04875 0.30333333333333334
1 0.39633916164297284 0.6838813439453385 0.018544138737588013 0.03593476094110116
1 0.4625074719093654 0.822579153956847 0.02182193952845452 0.04125049206153591
1 0.6212617256585453 0.8879540948090816 0.021018671939110334 0.03535401250411563
2 0.4609221497799747 0.7521246979680353 0.08477499686627865 0.40899162866075245
2 0.633125 0.7925 0.10125 0.415