2 0.1350562167757112 0.24722570184263343 0.11305557212490867 0.4810540344285683
2 0.37625 0.22583333333333333 0.11 0.45166666666666666
0 0.111875 0.0275 0.02875 0.055
1 0.13117567636357932 0.397531880427865 0.027803544730999618 0.041122333900275025
1 0.40120217312442863 0.28530274023979474 0.02641146572680384 0.03848628509213162
0 0.3725 0.0075 0.0275 0.015
2 0.14875 0.11833333333333333 0.0975 0.23666666666666666
2 0.10915195452864922 0.7622781986342251 0.10653000033936579 0.4099486034789481
0 0.09774833693238982 0.6053394343512714 0.02530354473099962 0.04085023628398815
1 0.11030797328482266 0.8154074587553432 0.01953646572680398 0.03773801664734236
2 0.201875 0.5583333333333333 0.05125 0.13666666666666666
1 0.20017152813426012 0.5386382741142076 0.014308991701630233 0.02226184581884013
2 0.246875 0.5083333333333333 0.04875 0.03666666666666667
2 0.11375 0.5041666666666667 0.04 0.028333333333333332
2 0.3175 0.5058333333333334 0.0375 0.03166666666666667
2 0.568125 0.5958333333333333 0.09625 0.21166666666666667
1 0.603270031373411 0.6099127345703763 0.016847027054543277 0.03413258569772201
0 0.9833640126172375 0.598278360933027 0.020104781743586386 0.04773801664734236