0 0.34276110430514867 0.43083747568931047 0.03180814269192069 0.06079654176924312
0 0.5135113114229475 0.3950394788726065 0.03568547668430938 0.06516694282373199
0 0.66125 0.32416666666666666 0.0175 0.065
0 0.5575764560920347 0.3256478462032861 0.03336374427365371 0.07086445323185027
0 0.4375 0.45416666666666666 0.04 0.03166666666666667
0 0.37163096638817206 0.03925428043450969 0.02280347470714318 0.051987828197658244
0 0.49 0.013333333333333334 0.02 0.02666666666666667
0 0.5113900952399283 0.07522765331117 0.022076607513232035 0.04862053913302134
2 0.63875 0.37833333333333335 0.0625 0.18333333333333332
2 0.855 0.235 0.205 0.47
1 0.8600616236665064 0.33113456977268385 0.06125954308735402 0.06489246114051582
2 0.955625 0.7225 0.08875 0.505
1 0.984375 0.7591666666666667 0.03125 0.06166666666666667
1 0.6917392142058528 0.5466665924045315 0.028442271543677008 0.03232738551069502
1 0.830361880213464 0.5583714314206141 0.025840404349766005 0.028858229252147018