2 0.5425 0.33666666666666667 0.195 0.36666666666666664
1 0.1256737510257642 0.4619346413392719 0.032497873125410026 0.04301699080345998
1 0.24809735063033095 0.45087470405637514 0.02721773834215476 0.033500938941573015
1 0.28496068066838703 0.4274209817588898 0.02612053913302134 0.038413592642768134
2 0.915 0.20916666666666667 0.17 0.41833333333333333
2 0.115 0.8966666666666666 0.1225 0.20666666666666667
0 0.10387198895761328 0.8332306618426072 0.03266234387822053 0.06880665098739086
2 0.215625 0.8833333333333333 0.07875 0.23333333333333334
0 0.20855471741393627 0.7950165662602455 0.027178474707143182 0.05262393245883724
0 0.01903542412142946 0.6395668120006599 0.02015067391627661 0.047143527815409335
0 0.02051675218231919 0.6060587860697164 0.02817380672236559 0.04437794542430898
0 0.10076929329250683 0.6497226359116637 0.025227074311709893 0.04999291301062963
0 0.11106851425047014 0.7817859044176384 0.03450020711779885 0.047314676918334346
2 0.11142930317833857 0.7116112118200282 0.07537349447880665 0.18072472606641724
2 0.174375 0.8591666666666666 0.07375 0.2816666666666667
0 0.17210310990070418 0.7499622626267874 0.03095394150562086 0.053719304688585795
1 0.179375 0.9866666666666667 0.02375 0.02666666666666667
0 0.17573002965749523 0.6636921977994288 0.023199273520843347 0.04486189356242202
2 0.2238136391478937 0.7204603847436412 0.06798490476007167 0.2450696288253792
0 0.21945668973360738 0.6188810643757796 0.024921472729976843 0.039992913010629634
2 0.29625 0.865 0.0975 0.27
0 0.29094118025808136 0.7650413707230418 0.03193547668430952 0.065429644504655
0 0.2853321039692051 0.7044700762861237 0.027025673916276603 0.04762393245883724
0 0.27430176206815093 0.650958506860495 0.0213497403193211 0.045564207447547744
2 0.386875 0.8758333333333334 0.09125 0.24833333333333332
0 0.38238111780936956 0.785375430726341 0.02550720909496519 0.0591595796772963
0 0.3456907660224836 0.6710234409780086 0.021055808699532007 0.05635386763147854
0 0.35999149250164025 0.626598278909612 0.026004875102576364 0.055036586160032167
2 0.3496126529880581 0.799356774311342 0.07564724863829213 0.3121293538366686
2 0.41901311978653594 0.795342388060994 0.07407572334543545 0.36274432142298924
0 0.4173248948742399 0.6376240223139813 0.02322474031932103 0.04569522689575536
1 0.4300041980525785 0.8680642973026919 0.02299553913302134 0.03819522689575536
2 0.4893303913302129 0.821328001810646 0.0676219889576133 0.35564092326229724
0 0.48857276799965 0.6735659629142309 0.02387520711779885 0.04657223337849122
1 0.490576137581033 0.9030820147761178 0.024321939528454663 0.040782573194560426
0 0.49254242609859583 0.6190062379029413 0.02744693952845452 0.04100093894157311
2 0.536875 0.85 0.08625 0.3
0 0.5228045102961374 0.7279616258119657 0.026451607513232177 0.04924692597610137
1 0.5353172158470756 0.9734455739500788 0.026196939528454522 0.04091359264276813
2 0.5672909205774025 0.7899918516525933 0.07127012176370229 0.3525696288253791
0 0.5627578304483617 0.64165851831926 0.025775673916276675 0.04753658616003217
2 0.6175 0.8341666666666666 0.045 0.33166666666666667
0 0.630625 0.69 0.01875 0.05
1 0.636875 0.9008333333333334 0.00625 0.041666666666666664
0 0.6278872913153406 0.6003624978159248 0.020444605536065693 0.03635386763147854
1 0.8726357857941471 0.7346766603359004 0.027090404349766003 0.029334272274906443
1 0.939638119786536 0.7341703000164959 0.026465404349766006 0.029290599125503906