2 0.16951351418416266 0.21322234703692933 0.10195267764277048 0.41042064938702955
0 0.1676476626912239 0.04687578742393706 0.03061614267548748 0.04880952885594051
2 0.945 0.31083333333333335 0.11 0.515
0 0.980625 0.095 0.03875 0.07
1 0.375 0.24416666666666667 0.01 0.035
1 0.49712292041909883 0.24545506032208986 0.032460578813517174 0.036425931420913
1 0.6163668076467048 0.2485132827995264 0.028898536238870207 0.0279470948813641
1 0.13954894348221245 0.9017143533362699 0.025642423466476032 0.02530159167514853
1 0.20231116902700066 0.9096244174605821 0.0263111277239409 0.026164025649724938
1 0.33257339457178886 0.9206773508391518 0.024523536238870207 0.027743390392662187
2 0.84625 0.7841666666666667 0.3075 0.43166666666666664
0 0.815625 0.5983333333333334 0.07875 0.06
1 0.935 0.9741666666666666 0.08 0.051666666666666666
1 0.49315410794922665 0.7307937180792072 0.02849205752619369 0.0320846609067875
1 0.6109731781469737 0.7304604059408242 0.027823353268728965 0.031222226932211092
1 0.6439365015126093 0.7170318405679528 0.02394224049633493 0.028547623084752446