2 0.156875 0.3958333333333333 0.10875 0.18833333333333332
2 0.078125 0.2941666666666667 0.09375 0.39166666666666666
2 0.45875 0.31083333333333335 0.105 0.35833333333333334
2 0.30365575447028503 0.209838673959408 0.11648456261351128 0.3980257835862223
2 0.14875 0.15166666666666667 0.0875 0.30333333333333334
2 0.37625 0.060833333333333336 0.085 0.12166666666666667
0 0.06541155706164702 0.13504575967466698 0.03463857557032128 0.05848919848011112
0 0.28951554595791856 0.04547804680644499 0.030728368290882314 0.05503948885500004
0 0.13963930474714017 0.3420435526835189 0.03769930104835737 0.07023344934129644
1 0.06060798395718095 0.3986693369797039 0.02559238371354752 0.03907038318125918
1 0.2825007291768189 0.2890628320142228 0.022187020974529334 0.033140069604777785
1 0.44568808759690043 0.4122839696022229 0.025432176434108555 0.035737049847926035
1 0.1933288624289412 0.09574680445629677 0.02085691733480985 0.03143461084085194
2 0.603125 0.3466666666666667 0.13875 0.2866666666666667
2 0.75875 0.20333333333333334 0.1125 0.4066666666666667
2 0.89625 0.125 0.1025 0.25
0 0.5873143830933937 0.24029372776040758 0.03937404194905881 0.06612497082051845
1 0.7528350567515701 0.2562476179319632 0.026177331893687778 0.03825644589655553
1 0.9019148229457374 0.17683298317955604 0.024927331893687777 0.03821765379929635
2 0.20794129919527599 0.7347797890557782 0.09710116902916283 0.4232190473147779
2 0.04875 0.5991666666666666 0.0875 0.21833333333333332
2 0.239375 0.5708333333333333 0.08875 0.16166666666666665
0 0.19679010610557462 0.5547022048612598 0.03401357557032128 0.058469802431481525
1 0.03880852621631675 0.6047174203634448 0.024142124614248816 0.034864924417333326
1 0.20289189574012667 0.8244888483263338 0.024262280073828038 0.037364924417333516
1 0.26166995064599546 0.5542193939187413 0.01702681369509051 0.02965156788240743
0 0.07513119432262898 0.5684005793298522 0.018172487353267 0.040504297264370354
2 0.17125 0.5975 0.075 0.215
2 0.786875 0.6425 0.23625 0.305
1 0.8191186310889637 0.6197098691964082 0.06177810919158389 0.05184262461981481
2 0.914375 0.5875 0.13125 0.195
1 0.8805055737172398 0.572521599489964 0.03278779827242545 0.04595040638285203
1 0.574375 0.49916666666666665 0.03125 0.018333333333333333