2 0.12190159223033951 0.30853433161015537 0.10540721807116256 0.37480662794587183
2 0.02875 0.15166666666666667 0.0575 0.30333333333333334
2 0.128125 0.10083333333333333 0.08375 0.20166666666666666
2 0.0475 0.06916666666666667 0.0675 0.13833333333333334
1 0.006875 0.18 0.01375 0.03333333333333333
1 0.11260327441046492 0.3684906978865732 0.02323971381909871 0.03266483851131037
0 0.0225 0.005833333333333334 0.025 0.011666666666666667
0 0.12511543587164056 0.13347615331204585 0.025561098183228808 0.05017453489432872
1 0.6560472677425051 0.276687726251414 0.04978304327406747 0.047863614363184676
2 0.67375 0.20833333333333334 0.185 0.4166666666666667
1 0.5410341779280615 0.1432326325241155 0.03255091515269072 0.0418993798591049
1 0.406875 0.14833333333333334 0.01375 0.03666666666666667
1 0.05304955562423189 0.6998992991907822 0.02991064060688345 0.02938483528457747
1 0.1971566837456086 0.6951810499045485 0.029336658909937297 0.03021332042640173
1 0.3228837203517162 0.6944888697312169 0.03011471381909871 0.032718168617910805
1 0.36010306810973874 0.6789367315054131 0.02991064060688359 0.02938483528457747
2 0.51375 0.8 0.2275 0.4
1 0.449375 0.96 0.09625 0.08
1 0.7329473127173981 0.6425851972868398 0.029017768728260195 0.03520847223489265