2 0.020625 0.18 0.04125 0.36
0 0.004375 0.02 0.00875 0.04
1 0.39677782982178383 0.0784698803199215 0.027129538669636234 0.03146297100529106
1 0.535615100222802 0.08032521899840124 0.027122266136218088 0.03062963767195773
1 0.6581878255569837 0.08245876125507683 0.023379538669636303 0.031142556446413134
1 0.6927155487587655 0.06789589471145699 0.022725448535963578 0.027755820686600336
2 0.2 0.7508333333333334 0.235 0.49833333333333335
1 0.23507649487589355 0.9258851531930619 0.05926634987269068 0.0641864947557527
1 0.0125 0.72 0.025 0.03666666666666667
0 0.825625 0.99 0.03375 0.02
0 0.8381142244748755 0.9225182455223347 0.029244532272436174 0.05912317828473002
0 0.991875 0.8925 0.01625 0.06166666666666667
0 0.930933778071312 0.9654752070678008 0.036788167472945194 0.0647640074024857
0 0.8576368645130554 0.5489067086108054 0.02042907947167251 0.05087554431401505
0 0.9710600383832008 0.5244058811369532 0.018423173870145318 0.03571533703457618
0 0.990625 0.5866666666666667 0.01875 0.04666666666666667
1 0.4894755018459646 0.5216193460809653 0.016446358402290785 0.02388846308847055
0 0.4875 0.5208333333333334 0.0525 0.18166666666666667