2 0.173125 0.135 0.22875 0.27
1 0.13867254163898188 0.0931450748594627 0.06346867921004076 0.06387467220382367
2 0.79125 0.21083333333333334 0.075 0.11833333333333333
0 0.7799971258471764 0.17731096390063628 0.02446253917312667 0.04258063435743281
2 0.874375 0.11583333333333333 0.07125 0.23166666666666666
2 0.71 0.09916666666666667 0.0725 0.19833333333333333
2 0.7719447939534887 0.13932560250505308 0.05865119308970137 0.18388289116466558
0 0.7691812183831676 0.08182560250505307 0.02063243553340726 0.040622750853416247
0 0.865 0.009166666666666667 0.0175 0.018333333333333333
1 0.3891819475599864 0.9034786068324263 0.0643582128313031 0.05647174448294038
2 0.370625 0.7608333333333334 0.20875 0.47833333333333333
1 0.04089961443337103 0.6788386858584836 0.02581686551495025 0.03189290944277445
1 0.10668482171280992 0.6872683138454405 0.030512280073828037 0.03889932908634933
1 0.24422487353266967 0.6987795978816042 0.029302331893687777 0.039635590140565946
2 0.648125 0.44166666666666665 0.01625 0.3
2 0.679375 0.36 0.07875 0.18