2 0.6446546207383465 0.3380743373372408 0.09767768728260194 0.3541425992190484
0 0.436875 0.69 0.03875 0.02
0 0.4516821598956923 0.5335695684049981 0.0324233178198746 0.06156196363996893
0 0.6327034543100366 0.19373789201405572 0.02628813478933651 0.052923028724902677
1 0.641516737224629 0.3885681133575374 0.02131369551604493 0.03271929433708048
2 0.469375 0.6008333333333333 0.11375 0.19833333333333333
2 0.47875 0.0275 0.0475 0.055
1 0.071875 0.7083333333333334 0.03375 0.016666666666666666
2 0.09 0.7533333333333333 0.1325 0.10666666666666667
2 0.919375 0.85 0.16125 0.3
0 0.9675 0.7258333333333333 0.065 0.051666666666666666
1 0.5112488653460059 0.88373651122873 0.026734622303829666 0.029691562585480447
1 0.6316187738307367 0.8861233007036727 0.02543360400077589 0.028790317789539586
1 0.6645524809818757 0.8746235768607378 0.02553564060688359 0.030456984456206253