0 0.12096128803308936 0.22890876837859536 0.033524989337999786 0.048405748729924196
2 0.125 0.28833333333333333 0.1525 0.18333333333333332
0 0.42625 0.2475 0.0075 0.041666666666666664
1 0.02375 0.37666666666666665 0.0225 0.006666666666666667
1 0.054375 0.36916666666666664 0.02375 0.021666666666666667
2 0.753125 0.32916666666666666 0.08375 0.10166666666666667
2 0.499375 0.2758333333333333 0.07625 0.20833333333333334
2 0.605 0.29583333333333334 0.0675 0.16833333333333333
2 0.685 0.23333333333333334 0.055 0.29333333333333333
0 0.49707994455759885 0.19956084186749584 0.022921806938254293 0.05008063435743281
0 0.6017240282940715 0.2384997105070685 0.024113626670908914 0.043511039969882856
0 0.7516371957670167 0.31176651452817356 0.02226771680458171 0.04669876488454122
1 0.6840644704328349 0.2981912781225417 0.015283628803308887 0.033664867349399594
0 0.5962577104073814 0.041541827003051944 0.01599589920432706 0.043713403488958
2 0.5970940517504719 0.1373751603363853 0.05200721922341714 0.23388289116466557
2 0.470625 0.0525 0.06625 0.105
2 0.63 0.09666666666666666 0.045 0.19333333333333333
0 0.6378208672183264 0.15219667607434276 0.022936352005090727 0.05174730102409948
2 0.645625 0.255 0.05875 0.25
1 0.1291817067154523 0.6982899056526446 0.02397544853596351 0.027677706636549525
0 0.864449476830035 0.7046509155171747 0.060719980808399895 0.08715946939759874
2 0.875625 0.8266666666666667 0.23875 0.3466666666666667