1 0.1079317885919248 0.1648372316490141 0.026541804745199328 0.0301987758518743
1 0.1430474526223697 0.14789421806632702 0.022715404349766002 0.02766968670281945
2 0.16621706129215683 0.65631855582586 0.12806659449367913 0.38756843028736476
0 0.1779223012011721 0.48702098798844684 0.04967847470714332 0.05120664407953626
1 0.16945347157342183 0.7213088594428417 0.04372240632693234 0.04032967702262075
1 0.07524719607541215 0.6661930584528595 0.024016337946721363 0.029346049752504464
2 0.265 0.6333333333333333 0.11 0.31
0 0.2834825707676828 0.5045398251482464 0.04387520711779871 0.045329677022620744
1 0.23362686406018981 0.673299799334383 0.030967738342154688 0.0318993798591049
2 0.8720532118927429 0.6570948220735576 0.1391383269043348 0.38182236440119577
0 0.8709135865850136 0.49706573292450285 0.04563454308735402 0.062006040072305764
1 0.8573821533983639 0.7088875417194616 0.041146005931499016 0.037810284256584434
1 0.35110881347447603 0.6711382137921716 0.027689937551288218 0.026875138901559317
1 0.48970601268360947 0.6650619152771449 0.027715404349766003 0.02770847223489265
1 0.612053211892743 0.6591116697413554 0.023990871148243685 0.028512716419171132
1 0.6453193427216655 0.6430165340665291 0.025840404349766005 0.027693927660365034