2 0.381875 0.33666666666666667 0.26875 0.5466666666666666
0 0.35708212274688267 0.11070305029126701 0.07131166617012638 0.07867230868474849
1 0.3008987733687607 0.5349996650804179 0.07872433664159928 0.07675474235944837
1 0.051436536477688935 0.2131419643574903 0.02729795434232429 0.03203851786144943
1 0.18123276757779253 0.22907081471895416 0.026702064185166706 0.0328233150552245
2 0.9775 0.21083333333333334 0.045 0.38166666666666665
1 0.99375 0.2625 0.0125 0.03833333333333333
1 0.614375 0.19333333333333333 0.00875 0.03
1 0.7253097761804861 0.2009026382279519 0.024681514970954978 0.02851103996988286
1 0.7596128631944906 0.18769025643076778 0.024027405128112633 0.027629170496991266
2 0.253125 0.7533333333333333 0.16375 0.2866666666666667
1 0.27300837535372025 0.7414013270432465 0.05117981025622527 0.05550102169177384
1 0.07826011712343202 0.6293487041365926 0.026585624813797323 0.029489981721891163
1 0.111875 0.62 0.02625 0.02
2 0.879375 0.6591666666666667 0.08625 0.09833333333333333
0 0.6637703083568283 0.9215022874498286 0.040803105541495556 0.07962737117972418
0 0.6419980544278868 0.8989216530923958 0.03616611695591445 0.07178761820281579
0 0.6733148903246752 0.7200297653413952 0.02953768899896403 0.06046892347389947
2 0.6625 0.9316666666666666 0.105 0.13666666666666666
2 0.676875 0.8441666666666666 0.10125 0.31166666666666665