2 0.12125 0.15 0.1275 0.3
1 0.104375 0.27666666666666667 0.03125 0.04666666666666667
2 0.29125 0.1275 0.1025 0.255
1 0.2892566521114995 0.11035113994898173 0.02910104135632878 0.04604665375973506
2 0.81875 0.17416666666666666 0.1525 0.25166666666666665
0 0.8369622368910719 0.07588873360025825 0.04126713978475223 0.054472102731741835
1 0.62875 0.2575 0.0175 0.03166666666666667
1 0.6649193781654457 0.2430116858750199 0.022835624813797323 0.02766968670281964
2 0.1748885450803825 0.7784760010474226 0.14471588717791475 0.44017024230905655
0 0.19047935814833308 0.5825747930329614 0.05040926104201361 0.0478781589377121
1 0.1838508375539275 0.8975408556923975 0.0485051511991712 0.047030281029851344
2 0.745 0.6633333333333333 0.25 0.6733333333333333
1 0.71141585757104 0.9397753163718693 0.10400174176971178 0.09744722549963664
0 0.6931146605466755 0.37257105605392615 0.08478598428423431 0.08396844642102924