2 0.168125 0.2225 0.33625 0.37166666666666665
0 0.11017913138768548 0.09032368506729431 0.07858395842675804 0.09598453083115895
2 0.915625 0.16583333333333333 0.09375 0.33166666666666667
2 0.729375 0.27666666666666667 0.12375 0.2633333333333333
2 0.658125 0.20416666666666666 0.10875 0.4083333333333333
2 0.511875 0.22083333333333333 0.02375 0.375
0 0.505625 0.0675 0.01125 0.06166666666666667
0 0.5289557236180249 0.1991247501205111 0.036606921820650486 0.09041361716431293
0 0.668125 0.008333333333333333 0.02875 0.016666666666666666
0 0.730958217800478 0.19533017231540006 0.037563592365681873 0.07558843419417181
0 0.796875 0.38166666666666665 0.04125 0.05333333333333334
1 0.6335477834943206 0.29771401587222596 0.02682387854658316 0.042272621388164
2 0.07603438422878782 0.730183909092087 0.1042336939505617 0.4032921932739744
1 0.0840065356203526 0.8155742949677651 0.024897860243529236 0.04126447102497195
0 0.08617424617314257 0.5542923034154673 0.026874896849636797 0.043105954721497426
1 0.8035219133165229 0.6804112877039229 0.03396675042520627 0.03713855617426589
0 0.837756019868537 0.44977600268908313 0.03702795175879828 0.046538312214077567
2 0.83128957889442 0.6067340310721812 0.13666999843451677 0.374830505488052
1 0.582412084711967 0.6061581831308227 0.02881369551604493 0.03417237742797587
1 0.6183814324699894 0.5935881010215198 0.02631369551604493 0.033939288054830666