2 0.54875 0.4425 0.06 0.195
2 0.4025 0.3958333333333333 0.0825 0.28833333333333333
2 0.49125 0.3775 0.08 0.325
2 0.16931337075673752 0.3445568704434404 0.07904140160206787 0.34513633778909036
2 0.08978007957918098 0.21008902189687134 0.06396225601328957 0.27828543360916325
2 0.35125 0.36833333333333335 0.0725 0.3433333333333333
2 0.171875 0.10083333333333333 0.06625 0.20166666666666666
2 0.449375 0.1325 0.06375 0.265
0 0.03312116779623528 0.22669692446424156 0.022042642812846153 0.04281029475917554
0 0.018611141269841626 0.14569874704009617 0.021057176434108628 0.03530059804795135
0 0.07953329117755657 0.10084478154041077 0.023212539173126743 0.041163021514957404
0 0.159660882170543 0.1437235371101071 0.022547487353267 0.04031999147039983
0 0.15756883590254753 0.19115566013153742 0.02488728007382804 0.03702544498196346
0 0.23885984577334837 0.1282980494801428 0.021377590992986483 0.04196726471461801
0 0.24242445774086419 0.20246471614680947 0.024502590992986482 0.04201574827073917
0 0.2260420764931719 0.4853326073413794 0.02790795373200453 0.04789756516019376
1 0.15618741270579634 0.40930475595161026 0.019767124614248816 0.03444787129216953
1 0.3521887082022896 0.43316346318690563 0.026722228253968295 0.03622120178230281
1 0.404375 0.5191666666666667 0.02375 0.041666666666666664
1 0.4913951073385022 0.457806436367462 0.023797487353267 0.040339384892848405
1 0.28477912152823975 0.27806591224271215 0.018701554595791946 0.02527150791427867
1 0.45214409500184616 0.1998894777848198 0.016321710055371027 0.0277327210693817
0 0.441875 0.019166666666666665 0.02375 0.03833333333333333
0 0.3454060376301221 0.14910346034370556 0.02496738371354752 0.03869211164863013
0 0.415357592225914 0.17517009857837162 0.02536790191214479 0.04702544498196346
0 0.569375 0.20416666666666666 0.01875 0.055
0 0.568125 0.3858333333333333 0.02125 0.065
2 0.28244028685861994 0.21640894228726973 0.06226329241048404 0.2949133134309329
2 0.9341586829088234 0.3204227969021529 0.12750264527870128 0.3658732878421324
0 0.9363485780361764 0.15807794428174068 0.04040795373200453 0.04809149938467849
1 0.9281163775415294 0.3636300729895712 0.04097707279438907 0.03394422614046031
1 0.6731489938279819 0.32136957161042173 0.02515181369509051 0.029535141693187748
1 0.7061380092506471 0.3060598606831972 0.02632171005537103 0.02788786844896947
2 0.035625 0.8925 0.07125 0.215
2 0.1275 0.8408333333333333 0.075 0.31833333333333336
2 0.224375 0.8341666666666666 0.07625 0.33166666666666667
1 0.11512927822074659 0.9250998862719977 0.02085691733480999 0.031133931381284584
1 0.2093766872277601 0.8849265131338636 0.02027196915466959 0.03195756800339382
0 0.019297541638981883 0.8153605298111499 0.024702850092285046 0.04618241493740584
0 0.12163085687707692 0.7095283641417187 0.02345285009228505 0.04616302151495745
0 0.009375 0.645 0.01875 0.04
0 0.09240119308970134 0.6341307989815251 0.01992733189368778 0.037781204625502864
0 0.20615862862310855 0.6750331769573301 0.02015181369509051 0.029457568003393816
0 0.21680785132521266 0.6627077177593664 0.024077850092285046 0.046172718226181644
2 0.305625 0.6775 0.08375 0.275
1 0.59 0.9125 0.0225 0.03166666666666667