2 0.3907876556863701 0.36594917837920266 0.2201171193390752 0.5757133622729399
0 0.3870733941948848 0.12486078791405457 0.056680562031790484 0.07015281422498086
1 0.3629801075931358 0.4464935111455941 0.058293656260602233 0.060356887437195986
1 0.01 0.21666666666666667 0.02 0.03
1 0.07282536436011583 0.22938599242372704 0.026388891832631885 0.03195566723360855
1 0.20271623695545415 0.24770173513731814 0.023801589908902656 0.0283502362839882
1 0.520625 0.335 0.01875 0.03
2 0.7534443902795716 0.2857464805051621 0.08993853277125367 0.4119724326504458
2 0.55125 0.2225 0.0425 0.4216666666666667
0 0.7511527412753634 0.10999821206037277 0.030146830779669925 0.056462455920633946
0 0.539375 0.04583333333333333 0.01875 0.051666666666666666
0 0.6575 0.0075 0.02 0.015
1 0.7366765263240518 0.35161389480744004 0.02270436827542909 0.03404752080917793
2 0.455 0.8441666666666666 0.15 0.31166666666666665
2 0.2375 0.8133333333333334 0.1125 0.25
0 0.246875 0.6925 0.03125 0.008333333333333333
1 0.20184321771816044 0.8285523840227588 0.033910717313564334 0.033605293415802935
1 0.08255551964188981 0.8122263895117208 0.02502976442797035 0.02765295175879828
1 0.11609520377960436 0.7999983495941903 0.02436111346610545 0.025918260688059906
0 0.97125 0.8875 0.0575 0.08833333333333333