2 0.364375 0.3016666666666667 0.11625 0.45666666666666667
2 0.0175 0.16416666666666666 0.035 0.3283333333333333
2 0.14625 0.32 0.085 0.42
2 0.245625 0.075 0.06875 0.15
2 0.351875 0.0825 0.08375 0.165
1 0.1438584454510705 0.4152737480220967 0.023626833116686327 0.0408502362839882
1 0.24472694025813113 0.04044429040063728 0.017300467207625302 0.03433665890993732
1 0.3577069545436571 0.06486656433438857 0.017849101298564277 0.02857134998067579
1 0.3695021009702984 0.43995162922293257 0.023659561363426746 0.0433502362839882
0 0.1365628853875262 0.14484856111319394 0.026159561363426745 0.043622333900275215
0 0.3597206136342666 0.1230638488595784 0.029666390908731445 0.07312912258730062
2 0.960625 0.3175 0.07875 0.425
1 0.5293493691521766 0.4666512765880041 0.026642738960884885 0.032857024971013594
1 0.6586043655807949 0.4434035582784847 0.026050467207625303 0.03528900056694188
1 0.6977175396068718 0.4191180208219643 0.027333195454365723 0.0379250493750853
2 0.09338017499769335 0.7813115671690978 0.08736243603680834 0.42807786360006617
2 0.048125 0.5683333333333334 0.05125 0.07666666666666666
1 0.11725966850487154 0.6451892332688226 0.017870920129724653 0.030238016647342457
1 0.0951288448024473 0.8670768760983595 0.022333195454365722 0.037380854142511265
0 0.0855296542193456 0.6119237868057436 0.02311092727248763 0.049115545213249734
2 0.11625 0.6383333333333333 0.06 0.21666666666666667
0 0.053125 0.9908333333333333 0.03875 0.018333333333333333
0 0.063125 0.9725 0.03125 0.055
2 0.87 0.6241666666666666 0.145 0.18833333333333332
1 0.8851256814905151 0.5729785089033993 0.043034561363426746 0.04545899281021244
1 0.543125 0.5441666666666667 0.03125 0.028333333333333332