2 0.075 0.075 0.055 0.15
1 0.07424087939029934 0.060484475760412465 0.01762726502711466 0.03079829227868191
2 0.1525 0.0125 0.0375 0.025
2 0.870625 0.14833333333333334 0.25875 0.2966666666666667
1 0.795 0.03 0.0925 0.06
1 0.12305352724139616 0.48436016895404616 0.028869992739850973 0.030180527791167908
1 0.08626215854492862 0.506964903874602 0.02387726502711459 0.03138101571154446
2 0.938125 0.7041666666666667 0.12375 0.5916666666666667
0 0.979375 0.43666666666666665 0.04125 0.056666666666666664
0 0.5069954094445286 0.49372488393920644 0.11485860710303569 0.12149717215471867
2 0.641875 0.7041666666666667 0.50375 0.5916666666666667
1 0.7039835466017936 0.6445940348139879 0.02638090117074654 0.032447438418022896
1 0.7407930960164204 0.6261559665600986 0.02575590117074654 0.032389166074736596