1 0.43431563453236477 0.5149888069221615 0.0325667463906737 0.03487941515123547
1 0.498125 0.5191666666666667 0.02375 0.03833333333333333
1 0.5304903019188427 0.3212260722942182 0.03131674639067359 0.034850323376355165
1 0.675111424574321 0.3179340515136736 0.030066746390673558 0.03482123160147486
1 0.8016549068978646 0.3150535333306971 0.03179966738647799 0.032364869263795226
1 0.8390695118768864 0.3034408324645481 0.027424667386477922 0.032263048051714045
1 0.051196268385997855 0.7353214696935746 0.0292049480503475 0.030640019047367937
1 0.12129098772212828 0.7386172757535415 0.029204948050347637 0.030640019047367937
2 0.583125 0.8066666666666666 0.14625 0.38666666666666666
2 0.755 0.8508333333333333 0.1175 0.29833333333333334
2 0.686875 0.8116666666666666 0.09375 0.37666666666666665
2 0.934375 0.7 0.08125 0.24
2 0.845625 0.6425 0.08375 0.125
2 0.77125 0.6675 0.0925 0.175
0 0.5659064765239735 0.6702200809513139 0.0320558524494124 0.06982123160147485
0 0.536875 0.5991666666666666 0.03875 0.03833333333333333
0 0.6752527654862128 0.6502947030282259 0.02995337842423865 0.054792139826594546
0 0.737772890301125 0.739966258006056 0.03734933477295591 0.064118811255103
1 0.71 0.5875 0.02 0.015
1 0.6375547405911035 0.7118346744571741 0.024536465726803982 0.036356985281179845
2 0.630625 0.6866666666666666 0.08125 0.21333333333333335
1 0.8486611854023002 0.6043966432863571 0.023049667386478064 0.03216122683963287
1 0.7625648029985597 0.7588523350621162 0.02073910605873877 0.03543637662320558
1 0.9447799068978645 0.70317246363185 0.022282588382282427 0.02964668095219262
1 0.6893853332922536 0.9319177320325722 0.027945623735195255 0.041429714718380715