2 0.403125 0.3375 0.18125 0.365
0 0.41819073089511166 0.1884739219075602 0.045265185711629526 0.054592767676636525
1 0.4347240498016305 0.4295362514719617 0.049554340320481456 0.044108819538523296
1 0.01 0.3958333333333333 0.02 0.03166666666666667
1 0.1259734829779267 0.38474983265596485 0.026046577417555453 0.0366595796772962
1 0.16405145210140815 0.363839783507882 0.025038814514629592 0.030782573194560427
0 0.6032218958715561 0.16559034283381255 0.04506997949107415 0.04213644082603897
2 0.7225 0.2916666666666667 0.115 0.45666666666666667
2 0.8325 0.175 0.1075 0.35
2 0.914375 0.049166666666666664 0.08625 0.09833333333333333
1 0.7113267813755196 0.39710579044219685 0.029093381564592527 0.04516760560823968
1 0.8199815859750749 0.22029277913540152 0.0241168970028518 0.035695226895755355
0 0.728238328595334 0.10144714970647366 0.025616783638111044 0.04907223337849132
2 0.149375 0.76 0.29875 0.48
0 0.208125 0.9366666666666666 0.07375 0.12666666666666668
2 0.68125 0.7533333333333333 0.0425 0.35333333333333333
0 0.670625 0.6208333333333333 0.02125 0.04833333333333333