2 0.070625 0.19666666666666666 0.09875 0.26666666666666666
2 0.023125 0.165 0.04625 0.33
2 0.275 0.09 0.0675 0.18
2 0.5025 0.06916666666666667 0.0675 0.13833333333333334
2 0.1125 0.0575 0.08 0.115
0 0.0125 0.018333333333333333 0.025 0.03666666666666667
0 0.06769477484941631 0.09995443560363412 0.035495121808361174 0.06469998578399971
0 0.373125 0.023333333333333334 0.03125 0.04666666666666667
1 0.0911247400470274 0.11865624396348853 0.019360975531833306 0.03529090133672715
1 0.2790616737094996 0.060722227286202135 0.021134146276527873 0.029486658137066492
1 0.5016494784966387 0.023331226437472975 0.021919163677722224 0.03866302151495745
0 0.3575 0.0225 0.02 0.045
0 0.36298310273733286 0.26707976685759527 0.044143815121361174 0.0948260430299149
0 0.34421907826916626 0.23177916880964394 0.0387655921730834 0.07308180267345431
1 0.008125 0.2925 0.01625 0.041666666666666664
2 0.3475 0.2675 0.1525 0.125
2 0.36 0.165 0.1025 0.33
1 0.5052919009899717 0.939813655590879 0.02955008700597233 0.04627938204964797
1 0.5930277889833607 0.7127796815615935 0.024419163677722223 0.038701808359854414
0 0.3444788346524439 0.8764688740504684 0.04581515661075002 0.08318846649692091
0 0.3245682071444995 0.7277864591130625 0.03658510440716668 0.055552712539781626
0 0.33802883411997187 0.6371373632929896 0.031657839589527725 0.05964180551665436
0 0.5094539211259442 0.5939512321238731 0.03485557477188877 0.06385695573944208
0 0.5532049662625553 0.5229439418204546 0.032457404027194346 0.06965150222787846
0 0.43488876451519404 0.6753167169106372 0.0392596688448333 0.0655914993846784
0 0.2041452979501939 0.8217774173137907 0.038024738449611274 0.10222907591767239
0 0.193125 0.9608333333333333 0.05375 0.07833333333333334
1 0.41375 0.9925 0.03 0.015
2 0.645 0.6433333333333333 0.07 0.44
2 0.755 0.8625 0.1025 0.275
2 0.979375 0.8333333333333334 0.04125 0.3333333333333333
2 0.914031534499944 0.6968652715467599 0.08266628822086147 0.4403302720135753
2 0.7434959069919997 0.545845949204313 0.08256341382894462 0.36284966543602365
2 0.960625 0.4041666666666667 0.05625 0.14833333333333334
0 0.6343547047121665 0.45912963131762297 0.035364198480111145 0.057199985783999714
0 0.663125 0.3408333333333333 0.02625 0.021666666666666667
0 0.7443993909581943 0.3866501924039735 0.022631445896555535 0.04367271822618164
0 0.7516468656551106 0.7593635200509068 0.03318423328250006 0.07549453227243608
0 0.7919253496213052 0.6007786560576943 0.03104738662599999 0.060465442138763405
0 0.9123918999250276 0.504287697856966 0.029390592173083405 0.07293635200509073
0 0.993125 0.7108333333333333 0.01375 0.075
0 0.9370957335125273 0.879772533418178 0.04130923328250006 0.07562058951835107
0 0.6478069705947495 0.9419690162104711 0.04343153290252786 0.0898163463186908
1 0.6362546182386662 0.7442362951410896 0.025233275151861145 0.049544838404411845
1 0.7451952974177218 0.6275610994271007 0.02250052256830557 0.03617271822618174
1 0.8995245660350829 0.7758283072777177 0.025872822188333373 0.05038786844896966
1 0.9643843213534165 0.4267397981327959 0.018081881458888914 0.03360484124761191
1 0.809544338754611 0.41516834708251843 0.018648693312999995 0.03028120462550286
1 0.7827410288003608 0.48227078192232475 0.019985975531833303 0.03530059804795135
2 0.8652685551683885 0.5894131712709301 0.06782578305375025 0.4134405809887511
0 0.8764629798640275 0.4137058951835118 0.024710104407166682 0.05536847502652099