2 0.2425 0.155 0.485 0.31
2 0.940625 0.155 0.11875 0.31
0 0.98375 0.06916666666666667 0.0325 0.125
2 0.923125 0.20583333333333334 0.09125 0.20833333333333334
0 0.9445399975341447 0.12755533587040568 0.035712539173126744 0.042666942823731804
2 0.073125 0.9558333333333333 0.12375 0.08833333333333333
0 0.069375 0.9583333333333334 0.04375 0.08333333333333333
2 0.17 0.7733333333333333 0.105 0.4533333333333333
0 0.17472634361757017 0.5883347883807942 0.034109508327796405 0.07416383083388003
1 0.1622301758213349 0.8483347883807942 0.03181816101144342 0.05242925270460603
2 0.34975991795496386 0.681888871098669 0.10787798272425335 0.4546858909199072
0 0.3556866292432625 0.49372531642185397 0.03618476742709504 0.0784323646944578
1 0.34569885503137565 0.7793549153673653 0.02813243553340726 0.040592807381420924
2 0.5225 0.7 0.075 0.4533333333333333
0 0.546875 0.49583333333333335 0.02625 0.03833333333333333
1 0.5378067304171268 0.8029953053298926 0.028957694632705824 0.04479342977939135
2 0.4775 0.4791666666666667 0.0925 0.3383333333333333
0 0.488125 0.325 0.02375 0.03
1 0.4796136236913982 0.535199592031845 0.024807176434108555 0.036256362058236014
2 0.175 0.475 0.1025 0.33
0 0.1698668895754887 0.33925159312599346 0.024462539173126744 0.04205573966026568
2 0.21625 0.4033333333333333 0.07 0.18666666666666668
1 0.2087780549058688 0.39864322579531386 0.01952681369509051 0.030151382874473238
2 0.4 0.38 0.0725 0.14
1 0.3965658531782941 0.34355837359812225 0.01894186551495011 0.030950760476502904
0 0.3598697637283122 0.523419714840121 0.02853295373200453 0.04892614071475435
1 0.000625 0.44916666666666666 0.00125 0.041666666666666664
2 0.575625 0.5216666666666666 0.03125 0.42333333333333334