2 0.4057375818200991 0.3065151481983566 0.08405197597194615 0.41295642423495527
2 0.12125 0.5458333333333333 0.0975 0.16833333333333333
2 0.21848075227479435 0.3545625358670202 0.07061060292012215 0.3874636868624627
2 0.038125 0.45 0.07625 0.36
2 0.06510309188430234 0.19861927899800308 0.06131829545304754 0.2974761192826657
2 0.17226806331325037 0.2610283155642948 0.053673309738573566 0.3333218850362021
2 0.3075 0.12666666666666668 0.0675 0.25333333333333335
0 0.11535433279501092 0.5081255575024388 0.03581820616851019 0.06603618854886899
0 0.351875 0.6175 0.03875 0.025
0 0.3979631025984468 0.1375254877837478 0.02762774967502935 0.06021528763573864
0 0.21189081655966127 0.19044658300423745 0.0250732025971287 0.05579603607272427
0 0.1759758451307132 0.12083887689203393 0.020654564934808165 0.05202067917078229
0 0.061201779545963786 0.06752092834811896 0.022980014285525954 0.038939930733796736
0 0.24251723603944464 0.04420852336290459 0.014360927272487629 0.04805588359657946
0 0.25488632305248304 0.052945598881165665 0.017464108441327255 0.04670494805034754
1 0.3928916438334669 0.3818815931226753 0.02045819545436572 0.03702067917078229
1 0.2081675425349026 0.4271763958949911 0.02045819545436572 0.03702067917078239
1 0.17423666526175594 0.34904591777719335 0.017870920129724653 0.030101427607767826
1 0.30976173668938584 0.1522624387133405 0.018485010714144465 0.029331240498521444
1 0.2451062551962346 0.2278700202368757 0.01856137662320549 0.03516457383185478
1 0.057246244482090064 0.27431388746295954 0.019735010714144467 0.02945753294669534
1 0.023815780845846284 0.300993970672901 0.02504047435038828 0.05329603607272418
1 0.16689539935137687 0.09928607025333813 0.013375916558343163 0.020492737372492513
2 0.97 0.20083333333333334 0.06 0.40166666666666667
2 0.105625 0.815 0.21125 0.37
1 0.01914622662518262 0.8903710043599475 0.03481137662320549 0.03680637565811537
1 0.23984759253424356 0.8622470539239221 0.03487683311668633 0.041806375658115374
1 0.37240213961214425 0.8446933877508229 0.032322286038785536 0.03738712409510091
1 0.40954987500164775 0.8201344271963598 0.03164273896088503 0.03315731120434729
2 0.668125 0.795 0.05625 0.33
0 0.66125 0.645 0.0225 0.03
1 0.658073940586397 0.8415469019002652 0.02171910486994591 0.037980304952289524
2 0.71625 0.7275 0.0575 0.195
1 0.717791715261097 0.7140076363935125 0.017903648376465 0.032601427607767824
2 0.853125 0.8233333333333334 0.07875 0.35333333333333333
0 0.8562112694817605 0.6775523208702974 0.024964108441327255 0.04746270273939094
1 0.8564452743530245 0.8980699230831961 0.024876833116686328 0.040796036072724175
2 0.985625 0.8016666666666666 0.02875 0.3433333333333333
1 0.994375 0.8516666666666667 0.01125 0.04
2 0.87125 0.6975 0.0625 0.135
2 0.793125 0.6983333333333334 0.06125 0.13666666666666666
1 0.7920762766245235 0.6657230486179195 0.021050467207625302 0.03458382539486924