2 0.1525 0.345 0.1425 0.12666666666666668
0 0.16034470013168176 0.3165070407037435 0.03927069548689161 0.05605461294046175
2 0.509375 0.30333333333333334 0.10125 0.21
2 0.43375 0.1375 0.0675 0.275
2 0.5825 0.22666666666666666 0.0825 0.36333333333333334
2 0.7 0.21583333333333332 0.095 0.385
2 0.818125 0.2 0.08375 0.4
2 0.486875 0.07416666666666667 0.05625 0.14833333333333334
2 0.533125 0.09083333333333334 0.06625 0.18166666666666667
2 0.628125 0.095 0.05875 0.19
1 0.579375 0.3958333333333333 0.02875 0.025
1 0.70875 0.38666666666666666 0.0275 0.043333333333333335
1 0.807048514119258 0.25808571649038325 0.020763796991261074 0.03686471498516028
1 0.6293158583791112 0.059386005056803415 0.02311831185006838 0.030431137691638622
1 0.5243886009497074 0.05292958471804525 0.019477425705962902 0.035081503631921196
1 0.479375 0.018333333333333333 0.02375 0.03666666666666667
1 0.43971406371024513 0.14566306233458876 0.0253206534177518 0.04560595472149733
0 0.5009803705457487 0.23786560161344994 0.04075710884132946 0.06700449096036777
0 0.5743273558718286 0.08336643317099307 0.03191618062808416 0.062022011487693283
0 0.6955658583791111 0.06556287344514686 0.032686665769276715 0.06874695049764626
0 0.816875 0.015 0.02875 0.03
2 0.398125 0.06416666666666666 0.05875 0.12833333333333333
1 0.391875 0.009166666666666667 0.02125 0.018333333333333333
2 0.22875 0.7316666666666667 0.0625 0.5366666666666666
1 0.03645402433327519 0.6241121638676979 0.02890698263391016 0.03845558878121494
1 0.17207902433327518 0.6367572623608159 0.027675168276559248 0.039172377427975864