2 0.321875 0.27 0.29625 0.54
1 0.3239829097438461 0.33002484658978354 0.09573867694751698 0.10782804272001328
1 0.988125 0.3541666666666667 0.02375 0.03833333333333333
2 0.049375 0.77 0.09875 0.46
1 0.12385767467601795 0.6166095536194861 0.026620920129724654 0.029351729321681386
1 0.3351185840915981 0.6239718832400014 0.029164557792045118 0.032782052749143135
1 0.46 0.6258333333333334 0.02 0.028333333333333332
2 0.5834730061711464 0.7880198173652017 0.08083970064730493 0.40126728368071707
0 0.5718176139625325 0.6274863718474956 0.02629047435038842 0.05182748179814932
0 0.5813562551962346 0.6153500847004771 0.01936092727248763 0.047394092372629565
1 0.5829852457819726 0.8730440648887339 0.021105014285525955 0.03746683494322591