2 0.1975 0.17 0.26 0.34
1 0.00625 0.2225 0.0125 0.03833333333333333
2 0.74625 0.17 0.0725 0.34
2 0.9175 0.13 0.06 0.26
2 0.988125 0.17 0.02375 0.34
2 0.845 0.029166666666666667 0.0525 0.058333333333333334
1 0.7375342678283083 0.22960988196382498 0.0213524257059629 0.03509561340716156
1 0.9174414608079173 0.16316290684385518 0.020193353919208335 0.03915547522086873
0 0.74625 0.021666666666666667 0.0225 0.043333333333333335
2 0.61375 0.5358333333333334 0.1325 0.375
0 0.6230827676434209 0.37872892287929405 0.040247910847155594 0.04336435286821711
1 0.5715158718399601 0.5897237408933211 0.04333653956185742 0.04196469833394872
1 0.0159090574826093 0.5414156504195896 0.03126149749271754 0.031783385564168994
1 0.1648590995517491 0.5449587612550769 0.028743311850068523 0.03073644252491704
1 0.29561139905029266 0.5502865350559879 0.027511497492717467 0.03146297100529106
1 0.3322614831885723 0.5350505424584736 0.02686831185006838 0.030576235245478076
2 0.70125 0.62 0.0425 0.3333333333333333
1 0.685 0.6883333333333334 0.01 0.03333333333333333
0 0.688125 0.4791666666666667 0.01625 0.04833333333333333
2 0.7025 0.4741666666666667 0.045 0.23833333333333334
0 0.6987930594352296 0.37509050380214176 0.01631605442066473 0.03300172732865761
2 0.756624158617204 0.536990608263813 0.06939235856399847 0.3211735759812971
0 0.7615907178675464 0.3954841488765852 0.018154683135366625 0.03149526794142986
1 0.7540829779891198 0.5960504700775203 0.017311455423577725 0.0214418655149503
2 0.8206306364214366 0.6167645297108416 0.06913107141697993 0.3377868402214841
0 0.8187403813144281 0.47383731029900444 0.021018395988348003 0.0483755443140151
1 0.8147644137242126 0.6847240460588174 0.020636497492717468 0.030875544314015048
2 0.8551607402482011 0.49782138679463644 0.05429662100796719 0.2583320559320784
2 0.9458124928479273 0.6191116816734359 0.06501735856399847 0.32079975899593965
0 0.9488494951703224 0.4799450150067692 0.02146153956185742 0.04009561340716137
1 0.9435077255742812 0.6673382101538099 0.019404683135366554 0.03160207279438907
2 0.88 0.9358333333333333 0.105 0.12833333333333333
0 0.8895748174192956 0.9006728208883982 0.02850021034569892 0.04818304009843739