2 0.610625 0.16083333333333333 0.15875 0.32166666666666666
1 0.5791507446164443 0.2208825136143914 0.03725397212288783 0.041713129243936276
0 0.624375 0.015 0.03625 0.03
0 0.6768035229829708 0.2059586947284017 0.026912703375008108 0.05155583274140327
1 0.336875 0.20333333333333334 0.01375 0.02666666666666667
1 0.3668194008770467 0.18664498835162524 0.024513891832632025 0.03138101571154455
1 0.056414620552863684 0.5833181422663976 0.03404167019915832 0.03808843419417182
0 0.095625 0.35333333333333333 0.03375 0.04666666666666667
2 0.09 0.49416666666666664 0.13 0.3283333333333333
2 0.5789959748897366 0.6167146822175297 0.08877583469498304 0.41395070957744906
2 0.501875 0.8183333333333334 0.09875 0.36333333333333334
2 0.63625 0.8208333333333333 0.1 0.35833333333333334
2 0.7076785070867581 0.6787024291373683 0.09434329719922402 0.43608355499040574
1 0.42861503790035527 0.47860795100923553 0.04120040145127881 0.04956276330365388
0 0.510615016705405 0.6804498229491593 0.03038691106992573 0.06518052779116791
0 0.5799602787711226 0.43706431627724723 0.02561905241314349 0.049772621388164094
0 0.6394007287202317 0.6908874478889038 0.03446429328391076 0.07803016185088534
0 0.7246745561588207 0.5058703156049765 0.029093260108060973 0.06339731643792865
0 0.705583287410941 0.49684342491351713 0.026396830779669925 0.055664227064783633
1 0.5595098561248935 0.6941796411628782 0.021672623084752443 0.04192298732844658