2 0.19 0.22 0.38 0.44
0 0.08125 0.0375 0.1075 0.075
1 0.35230332815891413 0.16682458682614348 0.025758279977412143 0.031855746135522715
1 0.6772730902748769 0.0936695253661741 0.023112671558737075 0.028503020036152786
1 0.7437415029028892 0.09918343366614181 0.024399073663405914 0.029346049752504464
1 0.8778555239495768 0.10855427998242884 0.02954468208208084 0.032718168617910805
1 0.989375 0.13916666666666666 0.02125 0.03166666666666667
2 0.20004023344882085 0.6751051456591133 0.1255683555760777 0.30003934113831
0 0.2024137009111601 0.5435015054820653 0.032226692605424316 0.036904228050613976
1 0.17872917446162645 0.7307542477150997 0.03318547576807447 0.030247257766965654
2 0.573125 0.5033333333333333 0.07875 0.12666666666666668
2 0.78375 0.49583333333333335 0.1275 0.11166666666666666
1 0.5806461575678068 0.537768317351713 0.02068547576807475 0.030150293936782948
1 0.83375 0.45416666666666666 0.0175 0.028333333333333332