2 0.48080560442169085 0.44365538413326033 0.07469051353395997 0.3705042119169495
2 0.3811071784343808 0.3127353389589996 0.0723353529534485 0.3521563340090887
2 0.3095694909555853 0.42164560708191934 0.07590480151913326 0.39300906010845854
2 0.5852520284513445 0.3978360397682174 0.09351392892379494 0.39731147613738094
2 0.6234444697606351 0.20916818122075417 0.001896825480932307 0.0008478779078607583
2 0.6819226601759155 0.36541305522612655 0.06487900391531298 0.3537648223776459
2 0.18616869865050278 0.43593888233406036 0.08060718373311836 0.4055429974490225
2 0.20375 0.07166666666666667 0.0725 0.14333333333333334
0 0.30074209284538755 0.25167954442248325 0.02680357597034657 0.045198775851874304
0 0.1721448712119139 0.25851160520669725 0.022581354336872864 0.050998171844643704
0 0.20980359716529676 0.21654435066646457 0.02361309952754951 0.042674534894328625
0 0.26166271927122087 0.16779892105485522 0.020444448565684753 0.04098362727011633
0 0.21488890772884467 0.1481576872265308 0.02231944856568475 0.04099817184464371
0 0.2818214452246038 0.12596741587687815 0.020488099527549507 0.042650293936783046
0 0.3734940683093562 0.1652644281080544 0.028896830779669928 0.05354665375973506
0 0.41105160580511535 0.14330202175933082 0.022275797603820136 0.03933150517797704
0 0.4763293894703793 0.20114083955873294 0.02572817981780517 0.05185574613552272
0 0.5486686721568149 0.17057360115216483 0.02365675048941412 0.044341201560995296
0 0.5807123284174172 0.22450270643488413 0.023031750489414124 0.044336353369486214
0 0.5991111293623184 0.13934271611508284 0.02098214664195538 0.03765514212829212
0 0.6778631207224997 0.2104130552261266 0.023569448565684752 0.04100786822766196
0 0.4732500317924254 0.2745129584241393 0.022944448565684752 0.04100302003615288
1 0.18080759578187233 0.5176637272988366 0.023460321161023076 0.036841201560995386
1 0.2989187092479779 0.5400856006284536 0.018998019237293703 0.03347393088709812
1 0.38494647171829155 0.3877207943844722 0.019085321161022933 0.03680726422043137
1 0.42659527796193025 0.3548911173618514 0.02018254279449664 0.030983627270116377
1 0.4898413270339928 0.52610205402666 0.026003972122887832 0.03852726099369837
1 0.5788294159640671 0.4628990662578362 0.021541670199158317 0.035159990319801104
1 0.6367123443136299 0.3816003065396264 0.019194448565684752 0.04097393088709812
1 0.6863433024979615 0.4387269957934234 0.02234127404661706 0.04183150517797723
1 0.2556726601759154 0.36871952183535284 0.017529764427970277 0.025130901170746445
1 0.12703377894075854 0.4455661271940943 0.018823415389834963 0.02680726422043146
0 0.01728973712509017 0.5039291052827194 0.03404960914619631 0.0594187726251414
0 0.04700600587296973 0.4928630587569478 0.027130958184331623 0.0576987758518743
0 0.08468257458692208 0.3083667150676603 0.026156750489414123 0.04436059432703189
0 0.057099228889867744 0.18605579453651633 0.02365675048941416 0.044341201560995386
0 0.08301390772884468 0.1491806556349571 0.021759925008481815 0.04349332365313463
0 0.08401987121191386 0.25919520020948456 0.030037703375008176 0.04938968347608655
0 0.12301589908902613 0.22055158261956687 0.026025797603820067 0.03936059432703189
0 0.14081946446189747 0.16040128868278386 0.024521830779669927 0.05351271641917113
0 0.6477678798517325 0.18314092022705572 0.021541670199158317 0.0351599903198013
2 0.05375 0.5558333333333333 0.1075 0.18833333333333332
2 0.42538693756361357 0.28488626917034227 0.059442494296666266 0.3370593701789061
2 0.13237305632845664 0.36300794889598476 0.06830162170132802 0.34129391152670063
2 0.906875 0.4033333333333333 0.18625 0.49333333333333335
0 0.916230192372937 0.19325242863176564 0.07200794424577567 0.07720966411568914
1 0.9628830078306262 0.5662997186660603 0.06413691106992588 0.06298481915091278
2 0.40375 0.8383333333333334 0.135 0.3233333333333333
0 0.40799606496827523 0.700244479735781 0.04745040145127888 0.04619209950500893
1 0.419375 0.9883333333333333 0.04625 0.023333333333333334
1 0.06427981211660835 0.8712782557396993 0.02759524087076727 0.02770847223489265
1 0.1853552082691496 0.8636710399202616 0.023198415389834963 0.026841201560995388
1 0.21866869865050276 0.8467425709121019 0.02384524087076727 0.027679383085837797