2 0.306875 0.27 0.16125 0.2
0 0.3077894678236578 0.20541105582842395 0.04754624962759465 0.05854313818775732
1 0.7138049584761536 0.12609289465871976 0.034376723242220776 0.0384057487299242
2 0.73375 0.12166666666666667 0.1325 0.24333333333333335
1 0.480625 0.050833333333333335 0.02125 0.035
1 0.5138015119917121 0.039088807891624056 0.02678939371369381 0.035323315055224305
2 0.166875 0.7283333333333334 0.24125 0.5433333333333333
1 0.22938370884855885 0.8253147611748004 0.0669794693132792 0.06171442518073188
2 0.07465249776556775 0.6603812904870288 0.10376723242220748 0.36541960970884796
0 0.08917984731120733 0.5052677802862283 0.04077227245643243 0.04305777679217414
1 0.06164738362137868 0.7341678869980708 0.03883905277074774 0.0412455017068324
2 0.69375 0.7066666666666667 0.215 0.5866666666666667
0 0.686582270966811 0.4601745961345771 0.06523632522718018 0.08318694728916531
1 0.745508745903541 0.8088148066014511 0.0690873480560181 0.06852670026607352
1 0.8842912095933696 0.5885541327309896 0.04463871182780181 0.046682326962857415