2 0.34278236906328297 0.2287814371124977 0.12455644685611332 0.2917108559964857
0 0.34398812030729026 0.10039962186407309 0.03433692989592032 0.031090287483317193
1 0.3054408281315147 0.2649153583193971 0.036902439620024124 0.03277634691602031
1 0.05103307326946279 0.26605523893027944 0.028613665309764613 0.02854665375973506
1 0.17593480868330708 0.26258560062845354 0.02729815558566088 0.026870290710050048
1 0.21149695658021714 0.24480440552092403 0.02664040072360905 0.026032109185207635
2 0.634375 0.12 0.24875 0.24
1 0.6680673957475798 0.06231839448921448 0.06433161465389248 0.06297997095940389
2 0.2558338864761375 0.6267069667528272 0.12996365671569093 0.41338237085466156
0 0.27089587516934216 0.4532039467166744 0.05107559520568486 0.059544825604378765
1 0.2558232559920819 0.6900596928521971 0.04476274310259498 0.04200119188079668
1 0.04113399547663235 0.6041983815822829 0.029896420171816516 0.029389683476086552
1 0.18185726006278813 0.6056075384927287 0.027363665309764543 0.028536957376716715
1 0.36222022116637276 0.5975397444799236 0.029271420171816658 0.02938483528457747
2 0.8175 0.69 0.365 0.62
0 0.856875 0.42583333333333334 0.12875 0.09166666666666666