1 0.4930548340326048 0.2343572367204941 0.027282588382282428 0.03035979295763468
1 0.5617101146964744 0.2358916405905709 0.03280354473099962 0.039759264754246335
2 0.795625 0.4066666666666667 0.10625 0.10666666666666667
2 0.665625 0.3466666666666667 0.07125 0.22666666666666666
2 0.7137522142769115 0.19052126237021896 0.08511779652025794 0.3131428692542573
0 0.636875 0.26666666666666666 0.01375 0.05333333333333334
0 0.6991009043990648 0.06433872134196816 0.02577714141165174 0.04774339039266223
2 0.195625 0.8808333333333334 0.14125 0.23833333333333334
2 0.035 0.6008333333333333 0.07 0.2816666666666667
0 0.18087065544797207 0.8221217623136736 0.03565444913006445 0.07895503206215608
2 0.6625 0.8491666666666666 0.065 0.3016666666666667
2 0.728125 0.5741666666666667 0.06875 0.22833333333333333
2 0.6764711020792368 0.6598492924747186 0.08947414788995346 0.3349550391271396
0 0.65501080049976 0.5125715123419463 0.02025618506293455 0.03834391859605058
0 0.640625 0.7291666666666666 0.02125 0.058333333333333334
1 0.6425 0.9875 0.025 0.025
1 0.7304098026591939 0.6108307841611761 0.017528711037760727 0.02325661667232121
1 0.6979966738647796 0.7314974437628593 0.016610228714217072 0.029031748723168296
2 0.63875 0.72 0.0175 0.31666666666666665