2 0.529375 0.12833333333333333 0.16375 0.25666666666666665
1 0.5364658220719383 0.09375764268664999 0.05228304327406761 0.05248855170286873
1 0.10542020473524304 0.01740411595093273 0.02741064060688359 0.03175566185423141
1 0.176875 0.0175 0.02625 0.035
1 0.31625 0.011666666666666667 0.03 0.023333333333333334
1 0.43786908328182605 0.024062909633025244 0.02813767721299115 0.033485474744985026
1 0.9657381665636521 0.1653899644619228 0.04660702497101368 0.05108690235275276
2 0.925 0.16 0.15 0.32
1 0.719718006803302 0.09130478117797679 0.029336658909937228 0.03277843385982578
1 0.7580726407422257 0.07065990239383259 0.028290732122152634 0.03598547474498503
2 0.056875 0.7983333333333333 0.11375 0.4033333333333333
2 0.35 0.6666666666666666 0.11 0.29333333333333333
2 0.195 0.6025 0.12 0.165
2 0.663125 0.7766666666666666 0.03375 0.44666666666666666
0 0.03552162243917195 0.6396773800180628 0.037933500850412825 0.07174322943402842
1 0.04397746778129843 0.9524175324942076 0.03182387854658316 0.04296787253208663
1 0.17575135952845883 0.5676537484780653 0.02261471381909871 0.03458382539486934
1 0.33851892195599276 0.6685970053470822 0.025892768728260195 0.037399556515304085