2 0.41125 0.2733333333333333 0.0775 0.5133333333333333
1 0.05227150071507045 0.22129873559282676 0.026989713819098746 0.034830893731450485
1 0.17705464713950098 0.2262282652401255 0.02881369551604493 0.03417237742797587
1 0.21307501320057728 0.21282484979748933 0.026160640606883518 0.03143928805483085
2 0.52625 0.23083333333333333 0.1125 0.46166666666666667
0 0.53625 0.030833333333333334 0.0375 0.06166666666666667
1 0.5214047053149712 0.3162392985193454 0.029629988364905983 0.047505710761309196
2 0.469375 0.07583333333333334 0.03875 0.15166666666666667
2 0.593125 0.10083333333333333 0.09125 0.20166666666666666
1 0.5878837203517162 0.09280084202205785 0.024119805334367753 0.038706198681685844
1 0.32015449901424486 0.663115435027124 0.06436211648628273 0.056544022975386764
2 0.35625 0.71 0.1875 0.36
2 0.715 0.765 0.3925 0.47
0 0.6636615689601516 0.5987267122665321 0.09693848921531867 0.12172455076655457
2 0.5448482860455589 0.7837621415645819 0.13457814485894729 0.38126408278157364
0 0.5649499100502142 0.619694499057162 0.041709061577121245 0.05194621861708138
1 0.533968297680653 0.8280046011018606 0.04209175042520627 0.03789609663698722