2 0.031875 0.21083333333333334 0.06375 0.355
0 0.0255477705131041 0.06801724103316853 0.031793938309339326 0.06623805964133282
1 0.027265437386488713 0.2652139423329369 0.024462539173126744 0.043106597400463326
2 0.0175 0.0475 0.035 0.095
1 0.006875 0.0075 0.01375 0.015
2 0.6275 0.14833333333333334 0.0925 0.2966666666666667
2 0.514375 0.08416666666666667 0.07125 0.16833333333333333
2 0.708125 0.03 0.07375 0.06
2 0.4475 0.04416666666666667 0.055 0.08833333333333333
0 0.548125 0.5016666666666667 0.04375 0.07666666666666666
1 0.5125206193724615 0.05135451085878898 0.02085691733480985 0.032790866280028676
1 0.6 0.005 0.015 0.01
1 0.6194375872942036 0.1690917109657184 0.02059238371354752 0.040227720055941725
2 0.11875 0.7875 0.1575 0.425
0 0.12426611227759281 0.6082678576833728 0.05236305737172387 0.05421836459362235
1 0.1249033380657059 0.8926488278627064 0.052323005551864414 0.05338503126028892
1 0.03314657742340273 0.7700627850443569 0.028781658235511286 0.029445100526492258
1 0.2091320438021404 0.744818696075925 0.024446710055370885 0.029836410291216944
0 0.87 0.9616666666666667 0.0475 0.07666666666666666
0 0.8554669376965657 0.8244074420861531 0.036978368290882316 0.057639708991448706
0 0.8710024824215565 0.7341041433859214 0.03280362739018102 0.06136435208950691
0 0.9649052541675883 0.760276104433952 0.04054393830933933 0.06712210677855011
0 0.7347311338722762 0.9294859730996584 0.0398062183831675 0.103536188548869