2 0.18875 0.2608333333333333 0.1225 0.5216666666666666
1 0.056492182972616406 0.16697073262507378 0.02592317387014532 0.034961904660481574
2 0.5472185605665075 0.26010453141018464 0.07617219150221657 0.35143600435633343
0 0.5440490496180719 0.11182938622274023 0.022819991470399828 0.03736492441733333
1 0.5485708139083253 0.3434184686948884 0.018430446403563394 0.03556248541025923
2 0.6509612880330894 0.25605145400433266 0.0763685499045073 0.37393600435633345
1 0.6364267301718527 0.3098502925047772 0.022136811203054378 0.03067886170203707
2 0.44884760805217944 0.44987456585759217 0.08854899630807082 0.40930452928029637
2 0.29375 0.45 0.0675 0.42
2 0.674375 0.5875 0.10375 0.145
2 0.75125 0.47 0.0825 0.38
2 0.364375 0.495 0.07375 0.33
0 0.32268996161679925 0.10619558743762937 0.016613626670908915 0.04217096393103707
0 0.4263745088160356 0.09547584336511074 0.023583169605345233 0.05321765379929635
0 0.4442099211011984 0.276638212767407 0.02595953653723626 0.03912857132714824
0 0.2878653781667621 0.2706538915914813 0.026119532272436102 0.05746190466048157
0 0.259375 0.20333333333333334 0.01875 0.05
0 0.520490324856761 0.4926634163138143 0.03314725547421773 0.07517526119540738
0 0.6755125803309788 0.5620392589689623 0.04063271040738158 0.0737413471122962
0 0.7517103589751616 0.3387814195569252 0.029419073074472522 0.07755888490362964
1 0.28706031632716084 0.5365842051679628 0.022216809070654334 0.03984552836870383
1 0.3617266555378512 0.6392954714296664 0.024680446403563466 0.035756445896555536
1 0.44701711900061514 0.5983048794340737 0.022194991470399827 0.03734552836870383
1 0.3250385520369074 0.3036761913889997 0.019019083736472594 0.03141521479222225
0 0.37271948962443524 0.17966329959588856 0.020988626670908915 0.042306736271444455
2 0.153125 0.83 0.13375 0.34
1 0.16655123898788843 0.886343091491518 0.04033453653723626 0.039574680445629534
2 0.268125 0.775 0.03625 0.23
1 0.254375 0.7983333333333333 0.00875 0.03
2 0.318125 0.7283333333333334 0.06125 0.13666666666666666
1 0.3175085861553081 0.7035584215817404 0.01641726826861813 0.01967096393103702
2 0.38 0.7666666666666667 0.06 0.21333333333333335
1 0.37694220429661685 0.7800685263438885 0.01898999360279987 0.028081881458888916
2 0.409375 0.69 0.04875 0.06
2 0.49875 0.7566666666666667 0.0575 0.19333333333333333
1 0.4979594832272351 0.7496390262430735 0.017747266136218087 0.028876422694962968
0 0.45429079471672495 0.9752216044597033 0.026628171737745277 0.04414796737577774