1 0.285 0.005 0.0525 0.01
2 0.265 0.08083333333333333 0.185 0.16166666666666665
2 0.860625 0.15666666666666668 0.13125 0.30666666666666664
0 0.5358199674138823 0.11882351985505485 0.04115242365560366 0.0902212796071285
0 0.8805888119133644 0.05760706438094597 0.033898995698653206 0.07874695049764625
0 0.8556042284558959 0.04166289712234932 0.0409623480560181 0.06694621861708129
2 0.46 0.19166666666666668 0.04 0.23666666666666666
2 0.543125 0.18583333333333332 0.13875 0.24833333333333332
2 0.618125 0.655 0.33625 0.69
1 0.6529586792416842 0.8084163899388477 0.10186475318413074 0.09837369690589563
1 0.897148866006216 0.398580561932885 0.029143844499482013 0.03178892211454828