2 0.395 0.060833333333333336 0.1 0.12166666666666667
2 0.143125 0.14083333333333334 0.10125 0.2816666666666667
2 0.070625 0.07083333333333333 0.08375 0.14166666666666666
2 0.028125 0.185 0.05625 0.37
1 0.12929070982585741 0.16338898539682645 0.021735029903093447 0.046655475220868915
1 0.07214063506812372 0.04650998642549619 0.022460578813517172 0.036762280073828035
1 0.6723243094224949 0.10209966275378576 0.029610944753799516 0.03073644252491704
1 0.7989807881351715 0.1087736886624856 0.028317240496334932 0.029796304338624395
1 0.8337317029858775 0.09515096030515831 0.026936127723940897 0.027189499485665087
2 0.399375 0.685 0.18125 0.63
0 0.41625 0.4266666666666667 0.105 0.11333333333333333
1 0.454375 0.9683333333333334 0.07125 0.06333333333333334
2 0.3375819607137525 0.5915717203297677 0.09448353268728994 0.3067287057364344
0 0.34598261783658374 0.4670200452319456 0.03656021287323483 0.04460380012304673
2 0.66375 0.685 0.3475 0.63
1 0.68875 0.9475 0.105 0.105
0 0.620625 0.3958333333333333 0.08625 0.051666666666666666