2 0.058125 0.5083333333333333 0.11625 0.36
2 0.2525 0.5366666666666666 0.11 0.30333333333333334
2 0.4941161839785474 0.26118009162153927 0.08886281575827183 0.3397042867019523
2 0.14673873060897782 0.21068907717189408 0.07338206892616 0.3297226824839975
2 0.523125 0.11083333333333334 0.05375 0.22166666666666668
0 0.022516258736281075 0.39962227033754727 0.025428185250134447 0.057055739660265774
0 0.04339920121008742 0.3675665306772817 0.0329587491121049 0.06992925270460602
0 0.23486314824388033 0.44491376701748264 0.03612745336956962 0.0709323646944578
0 0.1343527110974445 0.07012738968899015 0.023347804358305312 0.04115449486432496
1 0.14867914140390048 0.2715903219678348 0.01947983198140548 0.026818049541139904
1 0.5039062288331877 0.32834053430850246 0.021660761783658132 0.03275325006838424
0 0.48758682614983184 0.11277884682559855 0.022897621388163997 0.04445387246635463
2 0.225625 0.05416666666666667 0.06875 0.10833333333333334
2 0.0675 0.05 0.07 0.1
2 0.12625 0.060833333333333336 0.0575 0.12166666666666667
1 0.8312085405356758 0.5748317506530776 0.025817240496334933 0.02882427352084335
1 0.8640407511289172 0.5554981411626791 0.024654649011264382 0.030423028724902677
2 0.023125 0.7558333333333334 0.04625 0.135
1 0.012573394571788831 0.7080885907633088 0.01978576178365838 0.032651382874473237
2 0.27375 0.7441666666666666 0.0725 0.11166666666666666
1 0.274375 0.7 0.02125 0.023333333333333334