1 0.3989406785898868 0.35943169114727636 0.06014342011074234 0.060361055582335815
0 0.314375 0.009166666666666667 0.06125 0.018333333333333333
2 0.34125 0.24333333333333335 0.2525 0.4866666666666667
2 0.530625 0.12083333333333333 0.04125 0.24166666666666667
1 0.5175 0.13333333333333333 0.015 0.03333333333333333
2 0.5575 0.065 0.0625 0.13
1 0.561935442318199 0.02933421996162295 0.017571710055371028 0.02901508092544276
2 0.693125 0.16916666666666666 0.08375 0.3383333333333333
0 0.685625 0.02 0.02375 0.04
1 0.6986715835880406 0.22044671700197266 0.023557176434108554 0.037039532015018986
2 0.834375 0.1575 0.08625 0.315
0 0.828125 0.016666666666666666 0.02375 0.03333333333333333
1 0.8267248735326698 0.20500909206222825 0.021017124614248813 0.03597310930854064
2 0.696875 0.051666666666666666 0.06625 0.10333333333333333
2 0.625625 0.045 0.06375 0.09
1 0.62625 0.006666666666666667 0.02 0.013333333333333334
2 0.153125 0.775 0.30625 0.45
1 0.1980475416389819 0.7024858607735933 0.02460691733480999 0.03298941003492492
0 0.5826489395422669 0.6645966396281103 0.11121642566260632 0.11323963169199734
2 0.743125 0.7916666666666666 0.46625 0.4166666666666667
1 0.7727587853156155 0.8399454972010312 0.02573676187523077 0.03060595472149752
1 0.806452904378 0.8289838094151087 0.02511176187523077 0.03054768237821122