2 0.400625 0.2683333333333333 0.16125 0.42333333333333334
0 0.40454987500164763 0.09080986990637105 0.05081820616851019 0.06405168389037044
1 0.4094347785743473 0.3385620185385562 0.04678456136342675 0.04226864093192603
1 0.041688444807719736 0.25045168318040767 0.025995920129724653 0.02912857132714824
1 0.1956893613660629 0.23605644447663005 0.024088191882984233 0.026570383181259368
1 0.16173208247004026 0.2508423911839634 0.02472410129856428 0.0274231125632222
2 0.5765402957813135 0.2924875715287781 0.06481105227084001 0.3693620206684445
2 0.72875 0.3858333333333333 0.095 0.18833333333333332
2 0.8121730418849614 0.25144715248018573 0.06510876980343597 0.3443814167170742
2 0.6758294399364558 0.15884668844833372 0.05903648376465029 0.3100401856127408
2 0.820625 0.11333333333333333 0.10875 0.22666666666666666
2 0.706875 0.060833333333333336 0.04375 0.12166666666666667
0 0.5703899000013181 0.14140208956325953 0.023801383765968468 0.052384320465963016
0 0.6787158522734762 0.03388548054559299 0.019996836688067673 0.04810127750751851
0 0.7328072074683927 0.05723960344303753 0.01727864837646507 0.03135702664633338
0 0.8153867366893859 0.10148594457744499 0.019942289610167023 0.043934610840851936
0 0.7198789013012007 0.37613472542888937 0.03653048149315126 0.07027224143855562
0 0.7329789191581081 0.33068931306814864 0.030225934415250608 0.06591161428559265
2 0.7329694292223112 0.18813112492225972 0.050944212011390703 0.31228803698055563
1 0.7104599392865145 0.044874679025704155 0.015338191882984234 0.026298838500444455
1 0.6746730418849615 0.2471800217816671 0.018506829545304696 0.029729152076925894
1 0.5644720896128033 0.3546384426534447 0.022256829545304696 0.02984552836870383
1 0.7934152957813134 0.2992180004032598 0.018528648376465073 0.03139581874359256
1 0.7176016724045189 0.26351834913711153 0.019767738960884886 0.030601277507518603
1 0.8652121860401037 0.11637096180114877 0.015963191882984232 0.026318234549074095
1 0.2533762409107086 0.6121793250239264 0.024110010714144467 0.028237049847926035
1 0.3201748750016476 0.6200880355606302 0.02231137662320549 0.0340121950353704
1 0.4488921467549072 0.6265836215783339 0.026050467207625303 0.03329523799381491
2 0.77 0.74 0.46 0.52
0 0.82125 0.5 0.0975 0.04