2 0.71125 0.14916666666666667 0.1225 0.2816666666666667
2 0.47 0.0625 0.08 0.125
2 0.638125 0.0425 0.08125 0.085
2 0.77875 0.0425 0.08 0.085
0 0.7058636236913982 0.059513514030376295 0.028893420110742057 0.05520362404338338
0 0.7246536755112579 0.058534734951768995 0.026529404688076852 0.07101271641917113
1 0.456875 0.011666666666666667 0.02125 0.023333333333333334
1 0.405 0.9825 0.03 0.035
1 0.3401613942045023 0.8644725060733555 0.02688243553340726 0.03936059432703189
0 0.0635751505278688 0.8866105585288816 0.038973523750461536 0.05694786177419625
0 0.08056095435215838 0.7931802613653656 0.03421383466961998 0.061909076242123245
0 0.25846890808416306 0.7443179195513003 0.038164093768918404 0.06610483205784476
0 0.41625 0.6616666666666666 0.0275 0.06666666666666667
0 0.30515852005167887 0.6698167276705036 0.03590440468807685 0.07108543929180806
0 0.17875862245847066 0.829904550723905 0.04257914558877829 0.06697210273174183
0 0.11702129426356564 0.38554936019461916 0.024438316471022573 0.05350302003615288
0 0.24132362615725342 0.3470991146588298 0.021802331893687778 0.03765514212829212
0 0.26186948056847514 0.4135815500481495 0.02361305737172387 0.04933150517797709
2 0.39 0.8125 0.08 0.375
1 0.45502997100775117 0.6518454941462675 0.030856917334809955 0.031061198334262484
1 0.6049256446659276 0.6398534430422522 0.03019186551495025 0.030223016809419884
1 0.7384912146843847 0.629654111584141 0.026521969154669593 0.031860594327031894
1 0.7762473547212986 0.611034734951769 0.02573676187523077 0.028522412802189385