0 0.41968371137712634 0.17860359766677855 0.0328796154368257 0.06257828095225931
0 0.018519106398104626 0.17863193839792624 0.02759545742843429 0.057423112563222196
0 0.061693680343081356 0.34551265835725964 0.03129809776036893 0.056706155521666614
0 0.01125 0.0075 0.0225 0.015
0 0.2875 0.3525 0.035 0.055
0 0.21751596714588672 0.2330556310009635 0.03499141377715148 0.06680313576481486
0 0.389375 0.011666666666666667 0.02875 0.023333333333333334
2 0.88875 0.19 0.2225 0.38
0 0.870625 0.043333333333333335 0.07875 0.08666666666666667
1 0.5109064765239735 0.22612845460922246 0.027235228714217144 0.02912857132714824
1 0.6331696781836474 0.2257634134739633 0.02786022871421707 0.02914796737577793
1 0.6672224848223433 0.21018292553055593 0.02589050937808679 0.0274231125632222
2 0.04125 0.8675 0.0825 0.265
2 0.26050599817993186 0.6712531919938894 0.0777979108773664 0.3260092912864816
2 0.10808280697806161 0.7447181171211855 0.09653932465451817 0.39230812978692603
2 0.17880178822188825 0.6936735175261487 0.09042134125125756 0.35052508682848155
2 0.285625 0.515 0.07875 0.27
0 0.0125 0.7866666666666666 0.025 0.08
0 0.2975 0.9683333333333334 0.045 0.06333333333333334
0 0.16647968830208526 0.5427238079010375 0.02202714141165174 0.04726794417418522
0 0.275 0.4 0.02 0.04
0 0.00375 0.5566666666666666 0.0075 0.05333333333333334
0 0.09403711037760658 0.5853962820654819 0.020833825394869193 0.03724854812555558
0 0.05004957394497673 0.5249688722378891 0.019820623735195254 0.04137642269496297
0 0.23274759884008603 0.468248894729519 0.018002307718412852 0.03133763059770374
2 0.05464419983960589 0.6607052253280744 0.07207819154123613 0.32416806018214817
2 0.02375 0.6708333333333333 0.0475 0.31166666666666665
1 0.18828156996547477 0.7397202073944079 0.020170790041956366 0.025581881458888914
1 0.0536224119570835 0.7305500569390373 0.020597027054543134 0.03308188145888891
1 0.09441894009134359 0.811675027759556 0.02381674639067356 0.03484552836870383
1 0.26015656996547476 0.7419507529868153 0.020549667386478062 0.03224854812555558
1 0.29035311867597635 0.5706921000991116 0.01901550937808665 0.0272097560282963
2 0.38309997942375845 0.6218184644351118 0.09106572797386604 0.38381962806455555
2 0.480625 0.6391666666666667 0.04125 0.435
2 0.5881510295533429 0.6382475012140375 0.11440887768388748 0.410331823099926
2 0.7733490544484521 0.5816051079001858 0.09928544730999647 0.38573844336340757
1 0.463125 0.7233333333333334 0.00625 0.04
1 0.5919304786834074 0.715728105165408 0.025256185062934547 0.03821765379929616
0 0.5818607799235184 0.4616972108391486 0.029044220415847234 0.049981300709111075
1 0.7911153019188427 0.6636790915880747 0.02400618506293455 0.038178861702037166
0 0.7630626821631494 0.41158571185155624 0.02597590439906483 0.03990371651459261