2 0.039375 0.4633333333333333 0.07875 0.3333333333333333
0 0.017597333784912336 0.3341848012662765 0.03416518272261925 0.0753790428432715
1 0.031875 0.6116666666666667 0.02625 0.03666666666666667
2 0.219375 0.4816666666666667 0.11125 0.2966666666666667
0 0.20562141157774277 0.3547923916592388 0.025191213930283708 0.0375880725608863
2 0.13490346223361485 0.3179342498805095 0.08763806151000594 0.3561945411101207
0 0.1321653419263246 0.16888882083150325 0.02278682089542542 0.055800168276559155
1 0.14258936092187072 0.3864615634020995 0.02384294934412793 0.03503957751382207
2 0.04479901899554612 0.15301841506054184 0.06732114337354247 0.2838489437845554
0 0.03810905427391667 0.030445672489945536 0.018152439620024125 0.033154683135366604
1 0.04505574264993356 0.19130325334681098 0.018021420171816658 0.02982134980203322
0 0.024993753956728853 0.3635939431682641 0.02745927227490654 0.04766081513148265
2 0.628125 0.42 0.22125 0.42
0 0.6377850266842968 0.24439020406396939 0.058313556309269786 0.0546822771178887
2 0.75375 0.4525 0.115 0.355
0 0.7386968475797224 0.3032213127820406 0.03880753686106218 0.05059727055506035
1 0.7230045436444898 0.507299906887821 0.03956621393028371 0.038145765602124584
1 0.47 0.4508333333333333 0.02 0.028333333333333332
1 0.5024556838526492 0.43717085450845256 0.025982645861557005 0.025969900941283867
2 0.32125 0.815 0.1 0.37
2 0.126875 0.815 0.11875 0.37
2 0.20125 0.6766666666666666 0.075 0.09333333333333334
2 0.26125 0.7233333333333334 0.075 0.18666666666666668
0 0.1275 0.6491666666666667 0.04 0.03833333333333333
0 0.109375 0.6366666666666667 0.02875 0.013333333333333334
0 0.2051017182256968 0.8326711349693846 0.036700595205685006 0.06050028046093189
0 0.455 0.7858333333333334 0.01 0.075
1 0.340625 0.6391666666666667 0.02375 0.018333333333333333
1 0.267650418813832 0.7410747057971201 0.025586929895920322 0.031778986751085085
1 0.13834179194782106 0.928264498143591 0.027822233378491247 0.0410183959883481
1 0.32749016553447163 0.9139690786306816 0.028545497964646956 0.04354264351188022
2 0.428125 0.8633333333333333 0.06375 0.2733333333333333
2 0.033125 0.7441666666666666 0.04125 0.22833333333333333
2 0.7325 0.895 0.09 0.21
2 0.5906834002709475 0.8077541973778828 0.06925899547663235 0.3013974388316196
2 0.68375 0.7241666666666666 0.0525 0.18833333333333332
2 0.5075 0.85 0.075 0.3
1 0.5911667503386844 0.8676814548072866 0.019238665309764542 0.02903651151576412
1 0.7520564468561133 0.8647706492119008 0.017265400723609048 0.026463768945167866
0 0.7213384975119854 0.8294643489392255 0.022328252826698928 0.04413350160989249
1 0.6834587272724321 0.7389640684782937 0.014568871551297491 0.02136677885103945
0 0.5846839452734218 0.6868723689974853 0.0175601944820761 0.033963768945167866
0 0.49878627589295105 0.7401201348461264 0.022262743102595052 0.04246683494322587
0 0.7440261904113699 0.6922221541648367 0.02035498824054315 0.041560759039296236
2 0.7492696259606879 0.8097464016883686 0.0634047114422691 0.2953458777864974
1 0.508557855268473 0.9252171249402547 0.02009294934412793 0.03489409237262957
2 0.560625 0.6833333333333333 0.04375 0.10666666666666667
2 0.549375 0.8983333333333333 0.07125 0.20333333333333334