2 0.475625 0.295 0.18625 0.59
0 0.52 0.0425 0.085 0.085
1 0.545 0.5416666666666666 0.0475 0.09666666666666666
1 0.10883807650539591 0.2560580645037108 0.02987730771841278 0.03148789826814133
1 0.24099723451378718 0.24798888225383262 0.02982994805034757 0.030654564934808188
1 0.2794917875431566 0.22961612900742173 0.02786022871421707 0.028944260605820962
1 0.8253233986611143 0.18798931472365324 0.03910090439906483 0.0400248740256374
2 0.865625 0.135 0.15625 0.27
1 0.5894157168373307 0.0886185731630034 0.031174667386477922 0.03235032337635516
0 0.0125 0.7266666666666667 0.025 0.08666666666666667
1 0.1795126504503726 0.8972620203516442 0.033722027054543274 0.033241840259449304