2 0.086875 0.38666666666666666 0.10375 0.4266666666666667
2 0.210625 0.15333333333333332 0.07875 0.30666666666666664
2 0.3725 0.09333333333333334 0.0675 0.18666666666666668
0 0.345 0.5833333333333334 0.045 0.03333333333333333
0 0.1341852904429416 0.49996002467083617 0.03771888780232537 0.08392176752750516
0 0.09123477094641708 0.20555416962631695 0.029858659088108225 0.055005710761309105
1 0.06569147550587603 0.46904479946218336 0.025786465726804018 0.03804768237821122
1 0.20166100795900394 0.18779823720793545 0.02050230771841278 0.032581503631921103
1 0.369720737752938 0.09669754993360234 0.02011410605873877 0.03668989795530147
0 0.12035580016039413 0.07601463761129792 0.02635478174358653 0.04804768237821122
1 0.032268097421003235 0.1273312819748487 0.035881185062934445 0.04064670653745793
0 0.21625 0.0075 0.0225 0.015
2 0.13 0.5266666666666666 0.12 0.14666666666666667
1 0.4422099372531781 0.3649657354321453 0.027860228714217145 0.030780771751356233
1 0.5065849372531781 0.35896368407366064 0.029204948050347568 0.03256398310459531
1 0.643886174265765 0.33870204089397 0.02901550937808679 0.02923064977126207
1 0.7647953322741563 0.32245547863972207 0.02766146572680398 0.03822249940806993
1 0.79939780629933 0.3043087721022641 0.02857994805034764 0.032505710761309106
2 0.265 0.8 0.265 0.4
1 0.3234569848839627 0.884408960991706 0.07902557178554276 0.07782601452768442
2 0.828125 0.68 0.09375 0.16
2 0.65625 0.8541666666666666 0.115 0.2916666666666667
1 0.8248799892028305 0.638486860291549 0.025360228714217215 0.03054768237821122
0 0.509375 0.9858333333333333 0.03875 0.028333333333333332