2 0.0925 0.23833333333333334 0.1375 0.20333333333333334
2 0.293125 0.16 0.07375 0.32
2 0.14375 0.075 0.0925 0.15
2 0.21375 0.07333333333333333 0.085 0.14666666666666667
0 0.07905476886360249 0.17846852708935199 0.03778044594125131 0.06609513567482622
1 0.2112745292230774 0.029872835808288773 0.018711658909937298 0.030130901170746446
1 0.29901642777353976 0.20677650825266586 0.02797184194047546 0.038532109185207636
2 0.95875 0.15916666666666668 0.0825 0.31833333333333336
2 0.103125 0.8183333333333334 0.11625 0.36333333333333334
2 0.02875 0.5266666666666666 0.0575 0.37333333333333335
2 0.1724854660804729 0.7058650482489496 0.10008812158875913 0.46139087535688306
2 0.280625 0.6758333333333333 0.09875 0.4683333333333333
2 0.06375 0.4608333333333333 0.07 0.24166666666666667
2 0.11125 0.475 0.0825 0.27
2 0.20625 0.4741666666666667 0.075 0.2683333333333333
1 0.17476830305381413 0.8350753486391983 0.030357024971013686 0.04687998709306839
1 0.302880625840823 0.803233591471966 0.030306006667959764 0.04604665375973506
1 0.20996052425594314 0.48046749654520093 0.024234622303829667 0.028507868227662055
1 0.1051645974681584 0.484615326052068 0.020790732122152634 0.033478779078607204
1 0.05952692025516725 0.45412136612437376 0.024170823637421675 0.037669686702819644
1 0.024462812137669942 0.5861225580051702 0.027027951758798283 0.04352241280218929
0 0.08914371565526658 0.6723286464784697 0.04325239103208986 0.0636387693984085
0 0.1561211648628266 0.5100656522561802 0.03424729951682082 0.05940422805061416
0 0.27621052425594317 0.4799535882452331 0.03528044594125134 0.06607574290878991
0 0.2768485109200236 0.3882384396634752 0.0300253544259823 0.06187029071005005
2 0.810625 0.7116666666666667 0.37875 0.5766666666666667
1 0.731875 0.9683333333333334 0.08125 0.06333333333333334
0 0.9624855692308362 0.9396125480208832 0.062359416003103546 0.11043148904431253
1 0.5392082363742163 0.654425690976975 0.025586658909937228 0.030184231277346877
1 0.607435272980324 0.6555639047691466 0.028609622303829668 0.028541805568225984
2 0.935625 0.6325 0.12875 0.3516666666666667
0 0.9575632829145926 0.47109498341020306 0.04001267721299115 0.031129073015390248