2 0.12375 0.09583333333333334 0.215 0.19166666666666668
2 0.818125 0.165 0.32375 0.33
1 0.8364246833285222 0.23774090485750946 0.09108532645976083 0.09882613204485552
1 0.383125 0.0125 0.02625 0.025
1 0.504375 0.0033333333333333335 0.02625 0.006666666666666667
2 0.32125 0.6491666666666667 0.0975 0.445
0 0.350625 0.46 0.03875 0.05
1 0.06887107556575031 0.6542705599793103 0.025589287985173143 0.02522097616287008
1 0.10294051883269759 0.6388625510886973 0.02509524087076727 0.030152951758798376
2 0.5537619746547765 0.6998486986470115 0.10823218903185591 0.46797575822704973
2 0.685619131894207 0.8284036958123022 0.10864289044920752 0.34088390465148033
2 0.7008611770509563 0.6445602482153395 0.11082543854244178 0.42421723798481364
0 0.55125 0.3408333333333333 0.02 0.021666666666666667
0 0.5432837789407585 0.4912262272129188 0.02904960914619636 0.062159740445823675
0 0.6924405241314352 0.46663506130643667 0.028744052413143494 0.0504930737791571
0 0.6831369746547764 0.6857676470041587 0.031869052413143494 0.05083319579951592
1 0.5491131737098754 0.7855969670918006 0.026650797603820137 0.041955667233608364