2 0.389375 0.1925 0.14625 0.385
0 0.3875 0.019166666666666665 0.0375 0.03833333333333333
1 0.4053928537910679 0.2545208596083615 0.04055233189368778 0.04050924065261578
1 0.08851881184200902 0.21388600166663793 0.029687020974529403 0.0346841262801244
1 0.2095285009228506 0.19946999059232393 0.028437020974529333 0.034587054001007686
2 0.526875 0.875 0.12375 0.25
2 0.21625 0.9325 0.1325 0.135
2 0.335625 0.885 0.11375 0.23
2 0.039375 0.875 0.06125 0.25
0 0.3098954447840543 0.8141458979116064 0.030183471930601797 0.057968923473899474
0 0.20120036767072846 0.9020490696987705 0.03691409376891855 0.06845428486948246
1 0.31680306107050676 0.7751330586244566 0.021041347316352984 0.023219823132532912
1 0.02876464219269226 0.9037298414106417 0.01262759099298643 0.04249178103915824
2 0.32 0.7975 0.1 0.095
2 0.763125 0.875 0.25875 0.25
1 0.7438931912366199 0.8314540862298524 0.06471867921004076 0.06397174448294018