1 0.10765908609089997 0.17647763056730298 0.030654683135366553 0.032329734698799184
1 0.2307113435203037 0.18270591672695852 0.023706940564770206 0.028462503830324407
1 0.26536581630997136 0.16959060720889113 0.023761497492717467 0.030962503830324596
2 0.50125 0.4508333333333333 0.0625 0.19833333333333333
0 0.474375 0.38916666666666666 0.00875 0.06833333333333333
2 0.689375 0.4525 0.10375 0.195
0 0.6753888112954064 0.39669643200806187 0.036600336553118354 0.07605135714859936
2 0.888125 0.5125 0.16875 0.075
2 0.6225 0.355 0.0875 0.39
0 0.6140880119817502 0.2180644405020299 0.030113923198680437 0.06473266241968266
0 0.6253083288463835 0.1889866271536379 0.02600021034569899 0.04777477891566605
1 0.6218187889147515 0.4865433822540382 0.0278570247030499 0.04708705400100788
2 0.5785405638951324 0.2760341416014223 0.06823809612002982 0.38215946939759876
0 0.5832466630771068 0.1199984447490138 0.030059366270733214 0.06223266241968266
1 0.5865363855894435 0.3565195029970056 0.022286581630997126 0.04915022874498277
2 0.7704883064657289 0.29426806977915976 0.07735180897301121 0.3995056420180818
0 0.767385249722669 0.12348327258538476 0.025647994985435078 0.06022624277610779
1 0.7707113435203037 0.36167099750004317 0.023227425705962902 0.035080634357433006
2 0.7041569969380554 0.39976242776107795 0.0936285615727374 0.287628392871498
0 0.6909314500392381 0.2797706467219198 0.030320653417751798 0.04561453189257425
2 0.6829949946156603 0.25918821304722 0.06548725473723394 0.19892320834338192
0 0.673912843705191 0.18610577937252018 0.024179767273646176 0.05012917049699117
2 0.6201034774344578 0.12202874364962132 0.05939611617828959 0.14853491922691547
0 0.6089577819475663 0.06875216541668824 0.023372910847155454 0.04174730102409948
2 0.6050077398784265 0.05929428191267164 0.047145905832590526 0.1018279353815323
0 0.6017075716018673 0.022433470687771687 0.01993875492212126 0.027337953659641225
2 0.6745081605698244 0.15620285165163683 0.05193248746358769 0.14961915221888225
0 0.6739510937976347 0.10208472112452847 0.022159282132453627 0.04331689541164953
2 0.675625 0.0725 0.05125 0.145
0 0.6770961582474294 0.01747301024099502 0.018852425705962902 0.034740881380524606
2 0.7128035195035975 0.13837875897091928 0.05216221266809406 0.18873728274599064
0 0.7080963685931283 0.0656360782731277 0.0207274257059629 0.03488648979919958
2 0.7649464948005477 0.09750433083337645 0.0642621285298145 0.17137467220382366
0 0.75977801467392 0.03221311399602653 0.021443353919208194 0.03910169260542456
2 0.8149494253361881 0.24447787463358375 0.056667442702278095 0.3380010216917738
0 0.8073191953020041 0.09497145499000884 0.022068353919208333 0.03915022874498286
2 0.8708520193187103 0.3187005187751576 0.07968813818916956 0.39219978657631505
1 0.8728409425173906 0.38124905491471583 0.023925168276559248 0.038462503830324596
0 0.8740353338609487 0.15006774964363237 0.024804767273646177 0.050177706636549524
2 0.9002470837685048 0.2361273257530735 0.06422199963022536 0.3410834553664737
0 0.8832782250196191 0.0875595306827905 0.0240706534177518 0.045129170496991076
2 0.9589588336760612 0.3247107811195472 0.06781982633910118 0.3629928027309321
1 0.9580955415144777 0.399516636561314 0.023372910847155454 0.04174730102409948
2 0.975625 0.21583333333333332 0.04875 0.2916666666666667
0 0.9727077819475661 0.09700019863963016 0.023572952916295263 0.05091396769076615
2 0.9564941532328644 0.09740492567778053 0.04037333153855343 0.13457883504016582
0 0.9617621285298145 0.05289028707336373 0.02276609648980454 0.04253209821787451
2 0.935 0.1375 0.055 0.275
0 0.945625 0.010833333333333334 0.01875 0.021666666666666667
2 0.98125 0.0425 0.0375 0.085
0 0.466875 0.6675 0.00625 0.051666666666666666
2 0.956875 0.7391666666666666 0.08625 0.355
0 0.9779556927947217 0.5909449533635655 0.03769335391920833 0.040363632233940905
1 0.9373929896010955 0.7907836846486999 0.040800168276559245 0.039772979598399164
1 0.5527997618893066 0.7509339588203333 0.02683194056477035 0.02870518452811609
1 0.675797462390763 0.7546622449799889 0.026225126207419295 0.029489981721891163
1 0.7098087495377815 0.7406650659890298 0.024956940564770207 0.02855957610944112