2 0.13125 0.275 0.165 0.33
0 0.14229999946752792 0.13922390815232297 0.043212804787138875 0.04512727657124562
1 0.10438231595627812 0.4060178513902353 0.04066916367772223 0.042374691674897914
1 0.8973327515186114 0.08306697071398067 0.03607595813063895 0.02943266810628927
2 0.900625 0.09833333333333333 0.12625 0.19666666666666666
1 0.5809803996950003 0.07328914721122184 0.03005871071419449 0.04213453919875311
1 0.7040035704396947 0.0550160077327601 0.031163240349472262 0.03392749831359367
1 0.7418812708196669 0.0369974213967897 0.027427787385944383 0.03438195430240531
1 0.368125 0.9825 0.06125 0.035
0 0.3803824034947224 0.6357439769660385 0.06058240402719448 0.07516555795492649
2 0.405 0.7916666666666666 0.21 0.4166666666666667
1 0.286154964132667 0.7971983083661818 0.028619599240055606 0.031174913417245875
1 0.519375 0.7858333333333334 0.01875 0.03833333333333333
1 0.584279964132667 0.7787351072721176 0.029927787385944454 0.0346345391987533
1 0.7266199467314725 0.7551711015136271 0.03122142849536118 0.037260831646927006
1 0.8514890234032225 0.7350418566962379 0.028023693312999996 0.032778433859825595
1 0.8899335356373058 0.7136267908028473 0.026279616641249958 0.04008899518756484