2 0.118125 0.355 0.09625 0.41
2 0.2502859362897549 0.27659295136858636 0.08802948709381297 0.4837023921918054
2 0.3488837629986308 0.2534039010397144 0.09502028909963897 0.46048541939316295
2 0.414375 0.17666666666666667 0.07625 0.35333333333333333
2 0.11375 0.09083333333333334 0.0675 0.18166666666666667
2 0.1825 0.0925 0.0675 0.185
2 0.04625 0.1675 0.075 0.335
0 0.11794772826645093 0.18534441094846404 0.026272994985435075 0.058721201782302994
0 0.25290279002407573 0.0707887081689257 0.0330388811295407 0.053827865605769416
0 0.3533574310903026 0.04840390103971439 0.02787521034569892 0.04625029191597548
1 0.25714462945425126 0.36312386407811365 0.02521153956185742 0.03871150507107852
1 0.36415361710272637 0.3839560297475449 0.03041158163099709 0.047955745427539116
1 0.42635888920605014 0.2247112055591333 0.026643395988348004 0.047064231826860425
1 0.18420734695202298 0.0693553464035918 0.02598202470304983 0.04538786844896947
1 0.11072532224897301 0.11548016490560334 0.022820653417751656 0.04367271822618155
1 0.0385612307737334 0.21573286322938448 0.025466138558944352 0.050378171737745184
0 0.01 0.10083333333333333 0.02 0.075
2 0.89625 0.2875 0.2075 0.545
1 0.525625 0.32 0.01125 0.03333333333333333
1 0.5899347726579859 0.31862306700615833 0.0282274257059629 0.03375998862719977
1 0.7370098147271256 0.3071776732017959 0.028263796991261074 0.03542665529386644
2 0.103125 0.8633333333333333 0.12875 0.2733333333333333
2 0.178125 0.7583333333333333 0.09125 0.39666666666666667
2 0.291875 0.6591666666666667 0.06875 0.19833333333333333
0 0.10552047083704721 0.7697637759389119 0.030920779625171237 0.07128907876087244
0 0.170625 0.5791666666666667 0.03625 0.03833333333333333
1 0.16821570356340104 0.8171080447273731 0.02333653956185742 0.03868241493740584
1 0.2843892033785137 0.647029303373677 0.019550168276559247 0.036957568003393816
2 0.916875 0.7341666666666666 0.08875 0.34833333333333333
0 0.6948906614942613 0.9440770609378443 0.031382108841329526 0.06379877547209654
0 0.91625 0.5783333333333334 0.025 0.03666666666666667
1 0.9091164187387776 0.7758092692552763 0.021370611348611988 0.03448665813706649
1 0.6333641192402341 0.7859188522384983 0.0466070247030499 0.0457078599193693
2 0.7 0.9558333333333333 0.105 0.08833333333333333