2 0.385 0.21916666666666668 0.15 0.4216666666666667
0 0.38466002668429683 0.04532878648397947 0.03890580144721781 0.05539229388779646
1 0.40080199502397085 0.29636399090977666 0.04216447851643935 0.043271171232318204
1 0.0731816060598188 0.262533360768322 0.030685194482076027 0.036301205865419774
1 0.19795232202545548 0.24407078261759943 0.0294351944820761 0.03617491341724597
2 0.84 0.06166666666666667 0.2125 0.12333333333333334
2 0.19125 0.715 0.3325 0.57
1 0.19969450836611927 0.7992160351677488 0.07604018272261925 0.08155477488483939
1 0.35796561013052497 0.49960340844018636 0.027265400723608765 0.028485474744985025
2 0.7530213527804583 0.6432917384007071 0.13862868023460465 0.34352572437480944
0 0.7634737421972722 0.49414993657444645 0.036045497964647094 0.04597304232478204
1 0.7309365355030777 0.7199842540308516 0.03969723337849132 0.043851919669303734
1 0.561875 0.6783333333333333 0.02375 0.03666666666666667