2 0.28375 0.10166666666666667 0.085 0.13666666666666666
2 0.150625 0.085 0.07375 0.17
2 0.106875 0.085 0.06875 0.17
0 0.13625 0.030833333333333334 0.025 0.06166666666666667
0 0.27698531899566936 0.0808022876969514 0.02858127549800969 0.05729342977939136
2 0.868125 0.09916666666666667 0.15125 0.14166666666666666
0 0.8563412328209614 0.06048258121342061 0.05215300790866536 0.052750414235597703
1 0.5600052336415728 0.7289970365344186 0.06745860949039865 0.06356535178688584
0 0.5463157660224838 0.3015309922657223 0.07926887905690932 0.08250988828368538
2 0.531875 0.6016666666666667 0.21625 0.7133333333333334
0 0.6149012952696732 0.27192857275768095 0.048403007908665356 0.052546679847775696
2 0.6075 0.49916666666666665 0.065 0.5116666666666667
2 0.83875 0.645 0.3225 0.71
1 0.8767305953142903 0.9137352047055394 0.10422961542189753 0.1030008284711954
0 0.8211353715585494 0.344139837648397 0.08507214664625337 0.08864882319875184