2 0.311875 0.27 0.19625 0.5
0 0.316410407024479 0.07435700020602905 0.06093407220870688 0.0774317005282933
1 0.30108440421164573 0.43119365911596635 0.06276180234149308 0.06680244040717526
1 0.1189690020272662 0.2525874029634412 0.02574862888348278 0.031122333900275218
2 0.974375 0.23083333333333333 0.05125 0.46166666666666667
1 0.4278103223227401 0.2215139899755033 0.03138817345801019 0.03506788687025429
1 0.7083735078809987 0.1768043658806199 0.02575590117074654 0.03278900056694189
1 0.7445471488647298 0.15535895044445827 0.025141809601641966 0.03522097616287008
2 0.03625 0.7883333333333333 0.0725 0.42333333333333334
2 0.049375 0.5766666666666667 0.08375 0.11333333333333333
0 0.013125 0.6633333333333333 0.02625 0.08333333333333333
0 0.01837756072930823 0.6264815594123684 0.029724069788657347 0.08319714699137232
2 0.4473481153768178 0.7120421074603274 0.06073855386194268 0.31896231838681643
1 0.4495067345801019 0.7768380342481122 0.01888817345801016 0.033707398788819204
0 0.4467663323957223 0.578708774126994 0.018935443325224243 0.044540732122152565
2 0.434375 0.6116666666666667 0.04875 0.18333333333333332
2 0.5377008213091069 0.7830799266073283 0.06274081888905726 0.34833305826569844
2 0.507271756360549 0.6880117646694391 0.05320219242562416 0.30981269220462215
0 0.5358035877426383 0.6348826420821385 0.02331771561248786 0.04668356961732149
0 0.5116936095230854 0.5549675694368651 0.019545898750696723 0.041275423192890986
2 0.605 0.6583333333333333 0.0575 0.27666666666666667
0 0.603125 0.5241666666666667 0.01875 0.008333333333333333
1 0.5354589875069682 0.842518690890282 0.02202044574527392 0.035714187475844594
1 0.6119049225584102 0.7358183558561232 0.01825226502711473 0.0311393743847475
2 0.55875 0.6158333333333333 0.055 0.19166666666666668
1 0.5688740455881605 0.6187773486663356 0.01824862888348278 0.030306041051414163