2 0.07375 0.3258333333333333 0.095 0.34833333333333333
0 0.07261986352639724 0.18636271869742208 0.033641349872690685 0.062255100860838485
2 0.109375 0.16166666666666665 0.07875 0.3233333333333333
1 0.1034630395289426 0.2142180635184488 0.02345953653723619 0.04048941003492492
2 0.181875 0.11416666666666667 0.06875 0.22833333333333333
1 0.1763912432526885 0.1269275333595606 0.023459536537236262 0.04048941003492492
2 0.3175 0.2783333333333333 0.09 0.44333333333333336
1 0.3211020934118146 0.39354696096216096 0.027274989337999784 0.048339044094642535
2 0.489375 0.2733333333333333 0.08625 0.4533333333333333
0 0.4813326251113798 0.07708937589320783 0.026649989337999783 0.04828077175135604
1 0.4932457392743238 0.368796794375835 0.029774989337999783 0.04857213346778754
2 0.233125 0.050833333333333335 0.06625 0.10166666666666667
1 0.228125 0.006666666666666667 0.01875 0.013333333333333334
2 0.768125 0.3258333333333333 0.11625 0.34833333333333333
2 0.629375 0.065 0.05875 0.13
0 0.7601130288669424 0.2114377350812374 0.030639982940799657 0.07613040581107365
2 0.18 0.8558333333333333 0.155 0.28833333333333333
1 0.04972627097388905 0.9072950761900022 0.02909908160407255 0.04268052779116791
2 0.731875 0.75 0.26375 0.5