2 0.116875 0.265 0.23375 0.53
0 0.645484106552014 0.05116608768080378 0.06192581200232752 0.08691678869980705
1 0.6393606723811992 0.4388363529820045 0.06701517139544422 0.05828401956828202
2 0.676875 0.265 0.22125 0.53
1 0.4907133278894854 0.18511628578319073 0.03116064060688359 0.03144786522590759
1 0.8111852729803241 0.20751532537660863 0.028609622303829668 0.03042038733434102
1 0.8588886241399974 0.7742896161597131 0.038596841940475315 0.041148429427715884
0 0.880625 0.5433333333333333 0.03875 0.02666666666666667
2 0.886875 0.6958333333333333 0.15375 0.33166666666666667
1 0.4541439219559928 0.6657264868423886 0.02948971381909871 0.034635590140566136
1 0.5806107755315623 0.6689126565060608 0.02881369551604493 0.033753720667674354
1 0.6163633728643784 0.6534429554066683 0.03068869551604493 0.03389932908634932