2 0.030625 0.11666666666666667 0.06125 0.23333333333333334
1 0.004375 0.1 0.00875 0.03333333333333333
2 0.584375 0.1675 0.08875 0.305
1 0.6099721739682534 0.09277301905176169 0.018861761875230768 0.02874061818165842
1 0.574375 0.30583333333333335 0.02375 0.028333333333333332
0 0.5811094540420815 0.05681910086966392 0.024077850092285046 0.04634243939373969
2 0.611875 0.09583333333333334 0.07125 0.19166666666666668
2 0.016875 0.5708333333333333 0.03375 0.395
2 0.08515300062015385 0.6992942268440265 0.1247129309043936 0.45156673809429665
2 0.21062427082318108 0.5956535372347381 0.10355982171280999 0.40113036147109105
2 0.29125 0.4925 0.075 0.345
2 0.425 0.445 0.09 0.25
0 0.08865981554817197 0.5094251398309882 0.03390924922849777 0.06904608181790214
0 0.22437979025470597 0.4263559575811099 0.02869316101144335 0.05144426060582096
0 0.21141499753414478 0.4233280878840204 0.024438316471022573 0.05384243939373969
1 0.4415034947582126 0.44211277619782 0.020576554595791663 0.025450922510645645
1 0.2782602554005159 0.5782637939453056 0.02496738371354752 0.0388715311686201
1 0.20446372609819008 0.6848638415637254 0.02488728007382804 0.03720486450195343
1 0.038848077733479654 0.7794500138566255 0.026137280073828036 0.037233956276833735
0 0.075 0.3308333333333333 0.025 0.021666666666666667
0 0.09024414312292307 0.3595560528179498 0.028092383713547518 0.038944260605820964
0 0.09661525663344349 0.4218378645063471 0.0283084719306018 0.056429714718380715
0 0.129375 0.3333333333333333 0.02375 0.02666666666666667
0 0.200625 0.33166666666666667 0.02625 0.023333333333333334
2 0.57625 0.38333333333333336 0.0725 0.12666666666666668
1 0.5751808266519005 0.3558483116905941 0.020271969154669663 0.03210304328987206
2 0.660625 0.42916666666666664 0.07625 0.21833333333333332
2 0.635625 0.37083333333333335 0.06625 0.10166666666666667
2 0.734375 0.35333333333333333 0.06875 0.06666666666666667
1 0.6559912146843847 0.42805128355283634 0.022852072794389146 0.033827893506299535
1 0.735625 0.33166666666666667 0.01875 0.023333333333333334