1 0.42128979692385016 0.3338222557182027 0.023613665309764543 0.028682414937405837
1 0.48836132609616156 0.339859803819196 0.02430417503386849 0.030358778315296795
2 0.603125 0.2 0.08625 0.32
2 0.705 0.2325 0.1025 0.255
2 0.7175 0.10416666666666667 0.07 0.20833333333333334
2 0.82875 0.11333333333333333 0.0725 0.22666666666666666
2 0.911875 0.215 0.07625 0.29
2 0.934375 0.055 0.07125 0.11
0 0.5896768358202654 0.06805271253978153 0.03239110492978876 0.061298775472096736
0 0.6841067150603136 0.1344781290897444 0.024530801447217847 0.052015748270739175
0 0.7025265088187809 0.14225933371524727 0.023444575757477323 0.05616302151495745
1 0.8284516178192757 0.12006109942710073 0.01983091044771271 0.02779090133672715
1 0.59 0.35333333333333333 0.025 0.013333333333333334
1 0.9132506368148218 0.33874409819645773 0.02338172365438737 0.03867271822618174
1 0.9309348086833071 0.025876207001887745 0.01792315558566088 0.026928477869721044
2 0.03125 0.8766666666666667 0.0625 0.24666666666666667
2 0.029375 0.6883333333333334 0.05875 0.33666666666666667
2 0.1359950031653831 0.7059526130277796 0.0727389837171755 0.3409211875663025
2 0.218125 0.8591666666666666 0.07625 0.2816666666666667
2 0.3775 0.82 0.0775 0.36
2 0.4083578050652625 0.5477773462337894 0.0646547114422691 0.29415755378739356
2 0.24143941971915503 0.6076495374920211 0.07064001492483996 0.30341149085507835
2 0.2922167001354737 0.4851792114576448 0.06193340027094735 0.2408145237428359
0 0.01 0.79 0.02 0.056666666666666664
0 0.015462089099625764 0.5475114482070774 0.022262743102595052 0.04198665813706649
0 0.02439712437799635 0.4252247758540107 0.015322233378491248 0.040213327646933215
0 0.11817722161903439 0.4433362524930887 0.026703252826698786 0.04372120178230283
0 0.12884912799604095 0.555933219605331 0.021670497964646956 0.04281029475917563
0 0.36866675033868423 0.6662555464035352 0.02423600768875076 0.04451574827073917
0 0.4018971243779964 0.43108158943345 0.020947233378491317 0.040300598047951344
0 0.24030894527342184 0.48354105109269974 0.023215291723114147 0.05032968818162407
1 0.13470161781927564 0.7683944327604341 0.01983091044771271 0.02779090133672715
1 0.21875 0.9833333333333333 0.0225 0.03333333333333333
1 0.3839871895060469 0.91300948347122 0.024435194482076098 0.033692111648630126
1 0.23718480868330707 0.6742095403352212 0.01792315558566088 0.026928477869721044
2 0.3575194667569825 0.4462167595586382 0.05066393351396499 0.16068846649692087
1 0.5941368123013517 0.6217386304688938 0.029205910447712712 0.027936352005090724
1 0.7195325282669884 0.6178543360916321 0.02772396879233554 0.03790726187141786
1 0.7539101858880022 0.6025640185868562 0.029336929895920322 0.03126968533842406