2 0.01375 0.55 0.0275 0.52
2 0.5082989019445512 0.4329998879976065 0.10812293181548568 0.5352296883020853
2 0.0225 0.0725 0.045 0.145
1 0.0075 0.0125 0.015 0.025
1 0.5103093977232285 0.538770075106853 0.029942289610167164 0.046301205865419776
2 0.7035170902561539 0.5058915589420614 0.10539383408830283 0.5174771034057376
2 0.8682351892832193 0.27646837088675985 0.08242789253028918 0.4319336522293611
2 0.989375 0.225 0.02125 0.4266666666666667
2 0.901875 0.0275 0.05875 0.055
2 0.711875 0.034166666666666665 0.06625 0.06833333333333333
0 0.6900229139585783 0.2877983780848728 0.03412866623337251 0.0800134165432748
0 0.856591030842551 0.1040822309147307 0.03468820973989167 0.07507656276736176
0 0.995 0.058333333333333334 0.01 0.056666666666666664
1 0.7110378139598963 0.02866900867881526 0.01918637662320549 0.03522772005594173
1 0.8591188519452103 0.34497871047215106 0.021730014285525952 0.03881363828562295
1 0.6862803357098606 0.67118242522209 0.027496836688067745 0.05021528763573864
2 0.941875 0.905 0.11625 0.19
1 0.941875 0.985 0.09625 0.03