2 0.0175 0.3641666666666667 0.035 0.5116666666666667
2 0.011875 0.11416666666666667 0.02375 0.22833333333333333
2 0.139375 0.23583333333333334 0.09625 0.4716666666666667
0 0.13375 0.028333333333333332 0.035 0.056666666666666664
1 0.14281231111051895 0.3214658309732972 0.029143395988348003 0.04906977585825037
2 0.038125 0.08416666666666667 0.07125 0.16833333333333333
1 0.03547012082307972 0.05095035739633185 0.02390698263391016 0.03780922311307999
2 0.190625 0.09666666666666666 0.08125 0.19333333333333333
1 0.19262940295553335 0.07926641744308904 0.02333653956185728 0.04025582068660024
2 0.768125 0.35 0.25625 0.54
1 0.808900519133823 0.5220532576645732 0.06323892319868037 0.06778684022148411
1 0.5683587074686418 0.3455727082072097 0.02765698263391016 0.038129637671957727
2 0.041875 0.8266666666666667 0.08375 0.3466666666666667
2 0.226875 0.6883333333333334 0.06875 0.13666666666666666
2 0.06125 0.6641666666666667 0.0825 0.08833333333333333
0 0.022505033992630315 0.6948474571280906 0.035775294483978544 0.06710380012304692
1 0.04728011813090987 0.711098095828718 0.019513796991261073 0.03660207279438926
1 0.23375 0.635 0.0225 0.03
0 0.32606941995184857 0.8325476257511977 0.04457316326199418 0.09863136500061538
0 0.30655562296058747 0.7991496985455868 0.039100336553118356 0.07653747892211148
2 0.314375 0.8833333333333333 0.15375 0.23333333333333334
2 0.32 0.78 0.105 0.32