2 0.246875 0.06916666666666667 0.07875 0.13833333333333334
1 0.24869670795955542 0.03914294696907499 0.019534990319801295 0.03756878654520354
2 0.3575 0.07666666666666666 0.08 0.15333333333333332
1 0.341875 0.013333333333333334 0.02375 0.02666666666666667
2 0.14125 0.18083333333333335 0.0925 0.3616666666666667
2 0.380625 0.30583333333333335 0.10875 0.14833333333333334
2 0.455625 0.19 0.06875 0.38
2 0.051875 0.19416666666666665 0.07625 0.37166666666666665
0 0.21813393910597456 0.19518791490691872 0.034720433645025535 0.0807672019350385
0 0.38285437275100004 0.28200805022052683 0.04283452521412997 0.07864551027119907
0 0.46495398024681905 0.05087843550586219 0.030981342075920962 0.08309259808757967
1 0.04816708110333881 0.3380767731808796 0.026413626463433103 0.03872222693221109
1 0.13923891006537828 0.3014921334690422 0.023295898750696722 0.04024339039266238
1 0.6972944066316955 0.1985371437967865 0.05332862404338357 0.049140221172332306
2 0.45625 0.6516666666666666 0.0675 0.43333333333333335
2 0.283125 0.8433333333333334 0.10375 0.31333333333333335
2 0.198432102883786 0.7363889713136954 0.08760306213572477 0.4573201211836412
2 0.016875 0.5166666666666667 0.03375 0.2733333333333333
2 0.025625 0.7908333333333334 0.05125 0.41833333333333333
2 0.121875 0.4708333333333333 0.05125 0.18166666666666667
2 0.1875 0.49 0.0675 0.22
1 0.00625 0.5491666666666667 0.0125 0.041666666666666664
0 0.080625 0.3908333333333333 0.02375 0.021666666666666667
0 0.266875 0.40166666666666667 0.02875 0.043333333333333335
0 0.32838036346358473 0.444166772641418 0.02338316619786113 0.06024339039266219
0 0.022948495780750307 0.6174074584322877 0.02839043848512489 0.06214286218927384
0 0.06539800647458215 0.7510238680622436 0.032896339655871285 0.09234656667797575
0 0.09481580678880888 0.47578313281648993 0.02525453005422932 0.059497358983058274
0 0.19566624769398344 0.5321350027232994 0.02769271561248786 0.0454470948813641
0 0.2734211944528904 0.7373810482628702 0.03470225292686621 0.07660053526837184
0 0.45597490319801265 0.47176997012168176 0.02775816619786099 0.0604470948813641
0 0.35491159663727 0.9394683643165664 0.03845588907049802 0.07760847244916401
1 0.1795443461304535 0.8471535181018253 0.025178171037960623 0.04199735898305827
1 0.0125 0.9283333333333333 0.025 0.043333333333333335
1 0.11912899234706749 0.4627513911583051 0.01950953731437835 0.031735453211870206
1 0.17619670795955542 0.5095662161780959 0.02202771803253768 0.036018522443509365
2 0.939375 0.7691666666666667 0.12125 0.46166666666666667
0 0.96875 0.5991666666666666 0.0625 0.10833333333333334
1 0.5804884933607006 0.7973836327599446 0.02763453731437835 0.032113761548030764
1 0.7117166764989095 0.7984947674210005 0.02763090117074654 0.031280428214697245
1 0.7491403174826408 0.7827408058955878 0.02574862888348278 0.029526459624301348