2 0.40375 0.1225 0.08 0.245
1 0.4060999040419981 0.14959799261614165 0.019069991470399828 0.036957568003393816
2 0.30203806085294305 0.25546894513046975 0.09245899204327074 0.42637693299384183
2 0.015 0.335 0.03 0.27
2 0.14075169818585212 0.24880052696795 0.06944308004454341 0.4385181546785448
2 0.041875 0.2758333333333333 0.08375 0.3883333333333333
2 0.21375 0.29833333333333334 0.0775 0.3433333333333333
0 0.022691275238689128 0.11115390863568422 0.024818624538508853 0.051211505071078516
0 0.2973276485677802 0.07375379490768191 0.027231354137490768 0.041250291915975484
0 0.13348310563334395 0.06037992323359845 0.027391349872690682 0.05958362524930882
0 0.1 0.0075 0.0275 0.015
0 0.37682032272436106 0.3032895204328207 0.034426345607890596 0.07802362240610895
1 0.13277985926159716 0.3378314396774773 0.022856354137490768 0.04118241493740584
1 0.21123983367279664 0.44903383186928264 0.025944991470399827 0.03706423182686042
1 0.2996407520687241 0.4104107648631244 0.023459536537236262 0.03869211164863013
1 0.17254582457032555 0.09681445266283446 0.019658628803308886 0.03280059804795144
2 0.63625 0.3283333333333333 0.0925 0.2833333333333333
2 0.5527789835136706 0.21240478438361085 0.07407218084021629 0.3960957283683388
2 0.804375 0.043333333333333335 0.06375 0.08666666666666667
2 0.626875 0.035833333333333335 0.05125 0.07166666666666667
1 0.5383757691279244 0.3521623666030049 0.022790901336727103 0.03368241493740584
0 0.52 0.46 0.04 0.02
0 0.5450090240292714 0.038141150604701766 0.022238626670908913 0.04200605155951488
0 0.6273285243157068 0.23355869301929508 0.02730407947167251 0.049583625249308816
2 0.11875 0.8908333333333334 0.09 0.21833333333333332
2 0.25375 0.6108333333333333 0.07 0.2816666666666667
2 0.430625 0.5925 0.05875 0.245
2 0.07728445124123447 0.754616802206639 0.059449914703998276 0.36753937067684805
2 0.1336067387014529 0.6921658695947113 0.06498764430298025 0.3576266410778661
0 0.10777171098025234 0.8109155776787357 0.0235686245385088 0.05119211164862994
0 0.07215994242519884 0.5970586219392936 0.02097408160407255 0.04031999147039983
0 0.12665813761934458 0.5404119325270265 0.026083169605345232 0.05289756516019376
0 0.24625 0.47833333333333333 0.015 0.016666666666666666
1 0.2570585648313077 0.6599191517504436 0.017718176002545362 0.02527150791427857
1 0.13109990404199806 0.7629507193719235 0.02026181120305438 0.03031029475917554
2 0.774375 0.9308333333333333 0.08625 0.13833333333333334
2 0.474375 0.7666666666666667 0.02875 0.39666666666666667
2 0.5099735371101071 0.7956628793549546 0.05774945550603462 0.38751028054317527
1 0.46375 0.825 0.0075 0.03666666666666667
1 0.5005844299172341 0.8655077319753667 0.020886811203054377 0.030319991470399828
1 0.543125 0.9875 0.02125 0.025
1 0.7100898976447979 0.8120991602800438 0.019644083736472594 0.031133931381284584
2 0.7151549125715982 0.7480197640143952 0.060678097103743764 0.3650587640992965
0 0.465625 0.5191666666666667 0.01125 0.051666666666666666
0 0.469375 0.595 0.01875 0.056666666666666664
0 0.4973126656269805 0.6338216718862516 0.02226044427116335 0.044506051559514974
0 0.5643262816358893 0.7223495232760208 0.021024989337999785 0.04615332480373316
2 0.56 0.8416666666666667 0.0625 0.31666666666666665
0 0.6070944896244352 0.6105282930617174 0.024833169605345234 0.052878171737745276
0 0.5598922256206172 0.5723010397198995 0.021010444271163352 0.044486658137066495
0 0.7028717749522536 0.5578549199235833 0.022289534404836216 0.04783938489284831
0 0.7225304037555625 0.5906555179715345 0.02099589920432706 0.042819991470399825
0 0.8063167664226535 0.596121543942249 0.024215442138763307 0.053701808359854324
0 0.7912008437619259 0.6542124594949764 0.02671544213876331 0.05374059520475129
0 0.7689494235200339 0.8971676210905645 0.03494225760661791 0.06553331911733305
0 0.6457807883195248 0.8902573689793898 0.02872134774029064 0.06876968533842406
0 0.61147763790578 0.7547434432845053 0.02932453014003613 0.06627938204964816
0 0.6504590453532718 0.5670403961807473 0.024774989337999785 0.04621150507107856
0 0.5758367792170538 0.5375531542117297 0.0222458992043272 0.04283938489284831