2 0.951875 0.155 0.09625 0.31
1 0.5528206314911741 0.14472215416483664 0.026017738960884884 0.030994148464815983
1 0.6221738126600138 0.14574696261023262 0.031126833116686327 0.039521461986406055
1 0.7602006279197926 0.14360566531082603 0.03173001428552595 0.0378790428432715
2 0.8925 0.11333333333333333 0.0825 0.22666666666666666
0 0.9025 0.005 0.03 0.01
1 0.9173920009716164 0.17385846038404887 0.02667546720762516 0.0335183959883481
2 0.18607338116620353 0.6553971774428813 0.092002425322664 0.3950370724376281
2 0.0325 0.585 0.065 0.38666666666666666
2 0.11125 0.43916666666666665 0.06 0.25833333333333336
0 0.02305147305050582 0.4183564780853313 0.02557819902574721 0.04513656760795053
1 0.03129156947780622 0.666050458273588 0.019197286038785608 0.03489409237262957
0 0.18392422629691674 0.49123051077621466 0.02438274610364786 0.04925473922755297
1 0.11130422272553517 0.47925113137982484 0.016697286038785536 0.03479710227850111
1 0.18108887337349927 0.751821368874227 0.022980014285525954 0.03753957751382207
0 0.0525 0.9491666666666667 0.045 0.10166666666666667
2 0.065625 0.9508333333333333 0.12875 0.09833333333333333
2 0.0225 0.37166666666666665 0.045 0.12333333333333334
2 0.053125 0.33916666666666667 0.04875 0.058333333333333334
0 0.06 0.33 0.025 0.04
2 0.069375 0.49333333333333335 0.06375 0.36666666666666664
1 0.7187697506466459 0.760828622714071 0.028615923701105998 0.03859113855894444
1 0.8562152035687453 0.7619964112244656 0.028615923701105998 0.03859113855894444
1 0.9765315766205691 0.7908186024092947 0.028605014285525955 0.03775780522561111