2 0.451875 0.2791666666666667 0.17625 0.4816666666666667
0 0.45884322931254645 0.0959998347877606 0.07191180054105416 0.0824763804679668
1 0.411875 0.5116666666666667 0.07875 0.016666666666666666
1 0.07899507676640155 0.2571462081525667 0.022122266136218087 0.030372865348352415
1 0.14582644156589253 0.255911067420937 0.027776356269890813 0.03423064977126197
1 0.28015053383196525 0.24921584694772472 0.027151356269890813 0.03417237742797587
2 0.7293637866009121 0.2405903754111634 0.0851989856460706 0.4600754046272137
2 0.645 0.1475 0.075 0.295
2 0.81875 0.11833333333333333 0.0825 0.23666666666666666
2 0.601875 0.045 0.06875 0.09
0 0.7266832868873476 0.04683161514750054 0.03425180480585425 0.060646706537457934
1 0.8185651215468025 0.10904064167446763 0.02093771893698161 0.03775632066177991
1 0.7166815353914945 0.33419754993360234 0.024760444271163494 0.04643928805483086
1 0.6347928660725846 0.200281104924008 0.02470953653723619 0.040605954721497334
1 0.35068738768302055 0.6079220456294103 0.05038544427116335 0.04882845412956726
1 0.928595525302365 0.55179086333154 0.02465135626989081 0.033939288054830666
1 0.990625 0.5508333333333333 0.01875 0.035