2 0.274375 0.41833333333333333 0.14625 0.24333333333333335
0 0.2861885191047841 0.32003664303981993 0.037821931513486506 0.04696943241561314
1 0.25 0.535 0.0425 0.01
1 0.032229673115680695 0.4967104364195205 0.03158562481379732 0.029163830833880033
1 0.07039747625883386 0.48214902509368185 0.02997261339937836 0.036561963639968935
2 0.615 0.33166666666666667 0.105 0.4166666666666667
2 0.46375 0.36583333333333334 0.0875 0.34833333333333333
2 0.7450618514450366 0.26509044960062966 0.09663713680550941 0.4984790445422334
2 0.8442758856882933 0.24802336660921773 0.10332206120592374 0.4755531799845441
2 0.905625 0.17833333333333334 0.08375 0.3566666666666667
2 0.59 0.07916666666666666 0.075 0.15833333333333333
2 0.660625 0.08333333333333333 0.07375 0.16666666666666666
2 0.5275 0.15583333333333332 0.0825 0.31166666666666665
0 0.4443049955311356 0.2271250319081987 0.03322946931327934 0.05836445323185046
0 0.6041851096753248 0.16095352204715435 0.02772090868464872 0.061392184983450684
0 0.7357929513630813 0.053321915740051885 0.03442124962759465 0.056765698027791134
0 0.8375652052920227 0.038057322340521296 0.029130151199171193 0.04816071884402845
1 0.619375 0.5375 0.03375 0.005
1 0.756897494786325 0.35389916317221437 0.025743162613590016 0.04049094018751002
1 0.8677125703859104 0.3832087052149946 0.03168837088485588 0.04996320843590979
1 0.9220361510316536 0.22396845542014746 0.027909261042013613 0.04892614071475445
1 0.6650806218345544 0.046984918102736514 0.026601041356328778 0.04719156258548045
1 0.5923357730337255 0.08961085274426579 0.02404282167064423 0.04538907299359911
1 0.5246371738604914 0.1874065660423135 0.02677570041338292 0.052191562585480446
0 0.4836285761768788 0.06706984456206327 0.031428105541495555 0.0782286303066356
1 0.289375 0.9825 0.03375 0.035
1 0.35875 0.985 0.03 0.03
1 0.47851204416805415 0.5660865091395825 0.02917295434232443 0.031528007908665404
1 0.7003579343252119 0.577307460419054 0.03116439371369381 0.03496320843590979
1 0.8352706047966848 0.5821418983806478 0.027893844499482158 0.03062676311272469
1 0.8722175177826803 0.5683459089255349 0.02610617402800898 0.03302489591881368
2 0.97125 0.6375 0.0575 0.195
1 0.971768900081955 0.6145102920735454 0.04011816261359002 0.04127192200749448