2 0.540625 0.3425 0.07625 0.595
0 0.568125 0.1 0.02125 0.08666666666666667
1 0.568125 0.5533333333333333 0.02125 0.08333333333333333
1 0.3280128468809842 0.2805401575078798 0.02401181120305438 0.030921405894219635
2 0.89875 0.4141666666666667 0.2025 0.45166666666666666
1 0.59125 0.45166666666666666 0.025 0.03333333333333333
1 0.6292483018141479 0.43375085091889287 0.02595953653723619 0.039327481798149315
2 0.409375 0.8733333333333333 0.21875 0.25333333333333335
2 0.323125 0.8833333333333333 0.09125 0.23333333333333334
0 0.3443009610439283 0.7921622365083363 0.03845953653723626 0.03981243226879125
1 0.681875 0.9916666666666667 0.02875 0.016666666666666666
1 0.80875 0.99 0.03 0.02
1 0.845625 0.9825 0.02625 0.035