2 0.1875 0.195 0.2775 0.39
1 0.23682884563174497 0.2286227116061512 0.06292697510489063 0.06342118756630252
2 0.8684334404923288 0.22801859635049312 0.09392521859577925 0.35614421192446
0 0.8757555404121318 0.07716586959471129 0.025256185062934547 0.03785877831529679
1 0.8648053946816122 0.3138713231062749 0.02011410605873877 0.03528120462550286
2 0.9625 0.2275 0.075 0.37833333333333335
1 0.9559800620680903 0.28359128614467416 0.02362730771841285 0.031172718226181645
2 0.75625 0.32416666666666666 0.11 0.23166666666666666
2 0.59875 0.31833333333333336 0.0875 0.24333333333333335
2 0.49875 0.3433333333333333 0.105 0.19333333333333333
2 0.663125 0.36583333333333334 0.09625 0.14833333333333334
0 0.49415242173615553 0.27559208321662954 0.02654422041584736 0.04953514169318775
0 0.445625 0.4025 0.01125 0.058333333333333334
0 0.5150164343533931 0.10659995735199913 0.026070623735195256 0.04120180835985432
0 0.5641553741053709 0.05648418064925937 0.024233659088108227 0.05282968818162407
0 0.65084093543311 0.06116535684276168 0.01866534307132568 0.04275211449183018
0 0.756892172445697 0.05530410103965778 0.026781018756173437 0.053701808359854324
0 0.7633006858032856 0.23973257890937882 0.02847590439906483 0.03957392853808462
0 0.6051190018200681 0.22726961425842257 0.0288928170964995 0.05789756516019376
0 0.5771748542694805 0.15760841531931982 0.02909158008391259 0.050407261871417954
1 0.6400522554293946 0.26200838688731926 0.02117466738647792 0.03196726471461801
0 0.697156205639176 0.13778412378525823 0.02304034307132568 0.042819991470399825
2 0.0475 0.92 0.095 0.16
2 0.241875 0.8141666666666667 0.10125 0.37166666666666665
2 0.11186272331563238 0.6476780437937427 0.07694543685219273 0.3100878542329692
2 0.21875 0.5483333333333333 0.0575 0.21666666666666667
2 0.030625 0.7108333333333333 0.06125 0.345
0 0.039321735593504104 0.8784235228941067 0.03215989610069513 0.060446048716315016
1 0.10643574821074168 0.7101489536600699 0.020407588382282283 0.029457568003393816
1 0.2738790642275242 0.7027379755569413 0.01839050937808679 0.026928477869721044
1 0.23761678754315654 0.9115264704858627 0.02251938672260849 0.03365332480373316
0 0.24586817028626298 0.6672725334181779 0.023760062407456106 0.04449635484829078
1 0.21545273377343604 0.5750531542117298 0.014981351369695518 0.021879994313599885
0 0.11834167352541386 0.5226683470825185 0.018191746390673558 0.03441878115849685
0 0.02435413709278393 0.5804289906216706 0.02366534307132568 0.04282968818162407
0 0.2827640331934791 0.5243852488011594 0.021742983403260467 0.04196726471461801
2 0.27642716198789324 0.6468949455123838 0.07098891917573624 0.3041672504986177
0 0.19875 0.9916666666666667 0.0325 0.016666666666666666
1 0.016008773105850978 0.7713011107999009 0.02136410605873877 0.03530059804795144
2 0.095 0.5075 0.0475 0.135
2 0.05679450074035113 0.7911174571185916 0.07786391917573632 0.3042739143220843
2 0.860625 0.5525 0.13375 0.225
1 0.8212720682070261 0.5713736584340793 0.03785090439906469 0.03971937920644829
1 0.4583838665473522 0.5615732025461306 0.02839050937808672 0.027083625249308813