2 0.17875 0.16 0.2425 0.32
1 0.21043104365198545 0.22914201003046364 0.09916639097378323 0.11101603418741736
2 0.54875 0.16 0.445 0.32
2 0.03625 0.8016666666666666 0.0725 0.39666666666666667
1 0.02657380860323656 0.9336396135608838 0.022031982633910163 0.03715297954218613
0 0.03304662100796719 0.45802090123654143 0.024968438057487673 0.0573082320373454
0 0.02596113317460464 0.6481555983416585 0.0277048514119258 0.06829681786583781
2 0.32125 0.8791666666666667 0.0425 0.24166666666666667
0 0.32125 0.9783333333333334 0.04 0.043333333333333335
2 0.499375 0.8433333333333334 0.10375 0.31333333333333335
0 0.5077681999467945 0.7167536070560304 0.029877509844242523 0.05345207036099699
2 0.364663264396589 0.6229818410795377 0.07525858126122245 0.3883196709121743
0 0.3572761358667745 0.4560822956701324 0.025982024703049972 0.04655252495159156
1 0.36085682866149627 0.705965856298763 0.023979725204506436 0.04060275224688894
2 0.46148182866149623 0.7122147692289194 0.083529066402415 0.3954909081881082
0 0.4540583288463836 0.5436485571528472 0.028057066772189714 0.0558356309896277
1 0.4535980513587202 0.7799659057054058 0.02458653956185735 0.039808232037345306
2 0.39753554420664755 0.527655376011766 0.060987885774330834 0.33500459531258864
0 0.3919257993136561 0.3850001235166069 0.0240706534177518 0.044769418913555604
1 0.3977222099759243 0.5934110830975198 0.0169774257059629 0.034342474551867876
2 0.35875 0.38083333333333336 0.0475 0.12166666666666667
2 0.47875 0.4141666666666667 0.06 0.18833333333333332
1 0.4773373809446532 0.4377398952282287 0.017529683135366625 0.031047954342324335
2 0.540625 0.47333333333333333 0.06375 0.30666666666666664
0 0.538125 0.33416666666666667 0.02125 0.028333333333333332
1 0.5380083709155233 0.5580161824073459 0.02004786877801564 0.03203654017081684
2 0.393125 0.33416666666666667 0.03375 0.028333333333333332