2 0.048125 0.15333333333333332 0.09625 0.30666666666666664
2 0.1825 0.14666666666666667 0.0975 0.29333333333333333
2 0.296875 0.0725 0.08625 0.145
1 0.0342447607752522 0.14318424034441254 0.022373170298587722 0.03413350160989249
1 0.15993546275272358 0.20651256352535777 0.01974205752619369 0.031536511515764115
1 0.3075879908800269 0.030204599559284492 0.017517423466476174 0.024797102278501106
1 0.8716659184022865 0.2945270712050457 0.027198353268728964 0.030994148464815983
1 0.10521997720006723 0.8837319130808745 0.052665959705346384 0.05277313521590107
2 0.12125 0.85 0.2 0.3
1 0.03895654562202424 0.7500616194942858 0.031035761783658414 0.032806300272675344
2 0.809375 0.85 0.28375 0.3
1 0.8595512729426025 0.8391736781899662 0.07881541079492252 0.06376728368071705