1 0.09788292467272271 0.2992011129266441 0.029800467207625303 0.03386773013842685
1 0.1327083740234405 0.2874974155029256 0.026039557792045115 0.03285979295763468
2 0.515 0.2708333333333333 0.03 0.28833333333333333
2 0.821875 0.435 0.07875 0.11
2 0.9125 0.4325 0.085 0.115
2 0.968125 0.39166666666666666 0.06375 0.19666666666666666
2 0.54 0.34833333333333333 0.02 0.2833333333333333
2 0.6875 0.345 0.06 0.29
2 0.75125 0.34 0.06 0.3
2 0.629375 0.37833333333333335 0.06625 0.22333333333333333
0 0.5836359987001175 0.20616671612155063 0.02313274610364786 0.04938095641808578
0 0.6185205779204517 0.2944048174153459 0.02566547435038828 0.051997358983058274
0 0.6864196435052011 0.23260588795208947 0.026871836688067675 0.04872222693221109
0 0.7461032704533771 0.21123288284476266 0.02108319545436572 0.035960321161023025
0 0.820825952272158 0.09811649440975699 0.021148651947846417 0.04096032116102303
0 0.8187215301926097 0.4144921546639925 0.030029564934808094 0.051367730138426854
0 0.9109815230498468 0.40046571623464133 0.025556380194586836 0.043664025649724936
0 0.8524841834403388 0.22617999185609355 0.020534561363426747 0.041764553853113284
0 0.8207696613621086 0.2846667585114511 0.021214108441327255 0.04596032116102303
0 0.969890581491833 0.3199260444606478 0.028823202597128558 0.05464286218927384
0 0.9060332311681808 0.11790751495215507 0.016806380194586978 0.04325661667232121
0 0.8704050678562484 0.16371967776005392 0.02114865194784656 0.04096032116102303
1 0.7543247113614495 0.40982812194928403 0.023670470779006792 0.042743390392662374
1 0.6879951821404563 0.44838102000293656 0.020523651947846416 0.04093122051977995
1 0.909868762660673 0.3154657162346413 0.017838191882984234 0.02664815128814079
0 0.5896738126600138 0.4288122193277663 0.026530481493151258 0.07035979295763468
0 0.8032745685061897 0.045664110429526 0.019142738960884885 0.030873019237293704
0 0.9376837162327135 0.1976667797064014 0.025501833116686187 0.03949735898305827
1 0.2384016694764881 0.972299021308041 0.026631829545304696 0.030388893598877757
1 0.35697711882720595 0.964494809810901 0.0253818295453047 0.030330692316391607
1 0.39176983993118336 0.9502911123871826 0.021610010714144465 0.0284894218022661
2 0.89625 0.745 0.2075 0.51
1 0.944375 0.9533333333333334 0.09125 0.09333333333333334
2 0.793125 0.6391666666666667 0.11375 0.29833333333333334
1 0.787000681490515 0.6505027469916931 0.03918637662320549 0.035137573090406896
1 0.539375 0.6 0.01875 0.03
1 0.5700415694778063 0.5862672584549058 0.025360010714144465 0.02866402564972494