2 0.0883850597072012 0.2219920840141582 0.06810537176956195 0.3588598000226182
1 0.08978007250160147 0.27707938593788756 0.02029817387014532 0.035097887186446616
0 0.09600956852323683 0.06478309042658942 0.022216809070654334 0.04018518911017599
2 0.068125 0.0625 0.05625 0.125
1 0.06822637759389119 0.024306894903982225 0.01585044853596351 0.02656084936441142
2 0.11125 0.13083333333333333 0.0425 0.26166666666666666
0 0.120625 0.0175 0.02125 0.035
0 0.105625 0.014166666666666666 0.01625 0.028333333333333332
2 0.138125 0.029166666666666667 0.04125 0.058333333333333334
2 0.213125 0.1525 0.06625 0.305
1 0.21038369277531024 0.21350004238990059 0.019651356269890813 0.032568786545203544
2 0.285 0.1525 0.0625 0.305
1 0.2879127829089829 0.21377518857071445 0.01902635626989074 0.03253968590396037
0 0.286875 0.018333333333333333 0.01875 0.03666666666666667
2 0.27125 0.06833333333333333 0.055 0.13666666666666666
2 0.3758923322406194 0.2345450456526615 0.0642317387014529 0.34451852950849265
2 0.34625 0.14333333333333334 0.055 0.2866666666666667
0 0.3759441157224732 0.08532017770350857 0.02351044427116335 0.04524339039266224
0 0.35125 0.010833333333333334 0.02 0.021666666666666667
2 0.444375 0.1275 0.05875 0.255
1 0.37287598236792874 0.29359530975435566 0.022165901336727103 0.0343518557768427
1 0.449991413844692 0.19797892131935005 0.018379538669636306 0.0300105852627172
2 0.399375 0.0825 0.05625 0.165
1 0.4091782037237459 0.07436251168939412 0.018372266136217945 0.029177251929383866
2 0.956875 0.105 0.08625 0.21
1 0.9384137119669106 0.08356096946912961 0.03907726400381819 0.03930423975707356
1 0.6114950767664016 0.07334133409897618 0.029665901336727103 0.034701063471760184
1 0.647926890101856 0.054195837957744006 0.026519083736472594 0.03205556026554452
1 0.09950371623171068 0.9482063808305607 0.07061089280712693 0.07325927181922982
1 0.3237418517186552 0.7593995424464458 0.027812718936981753 0.03711376154803077
1 0.3905877615849825 0.7658466443927934 0.02970953653723626 0.03970106347176009
0 0.85875 0.6625 0.065 0.085
2 0.86625 0.81 0.2575 0.38