2 0.396875 0.18083333333333335 0.04625 0.3616666666666667
1 0.05006472701967603 0.06766456663694337 0.027831567394668185 0.02746348453250448
1 0.11600861720135314 0.07677875775866122 0.028507585697722108 0.028335630989627703
1 0.25507750738303026 0.09043408436378447 0.02610962230382967 0.029847045161135195
1 0.36699084847309293 0.12749807289352635 0.02626267721299115 0.03234704516113519
2 0.940625 0.41 0.11625 0.42
2 0.7768890181677115 0.30127878246198253 0.09114693189026127 0.41078085778838463
2 0.8746312261692633 0.25213956415424094 0.0881623095864316 0.3823698982074715
2 0.544375 0.18083333333333335 0.08625 0.3616666666666667
2 0.4775 0.09166666666666666 0.07 0.18333333333333332
2 0.566875 0.4608333333333333 0.08875 0.31833333333333336
2 0.6175 0.495 0.11 0.25
2 0.7325138118669853 0.21654587901592245 0.08001185201008625 0.36110962051245055
2 0.86125 0.05583333333333333 0.07 0.11166666666666666
0 0.42375 0.050833333333333335 0.0075 0.045
0 0.5499878385388244 0.021180477307754016 0.026670823637421678 0.03901371182780186
0 0.6374496005991248 0.03748646109544784 0.02640295175879835 0.0448082320373454
0 0.5881901396211284 0.32971247157262495 0.02993609818322881 0.05166896432296104
1 0.5241848418051331 0.24794302795574802 0.020892768728260194 0.03616439371369362
1 0.725358365925734 0.2821851467303068 0.027920823637421675 0.03909133807538145
1 0.7704733891959221 0.37532900975727984 0.024629988364905982 0.04635845933264269
1 0.9368512959798275 0.5270300177517545 0.023443787031314115 0.03715297954218613
1 0.8676798534402272 0.3144454985352921 0.02505091515269072 0.04306393912309924
1 0.6727048984151202 0.11747050101799444 0.019757585697722107 0.02779224725657059
1 0.8559827470235553 0.044365574631418096 0.017359622303829668 0.02930366142807808
0 0.815 0.6116666666666667 0.0525 0.016666666666666666
0 0.673125 0.5958333333333333 0.04375 0.04833333333333333
0 0.6238153459218547 0.41390199128562805 0.04454062897178943 0.07665070658921327
0 0.82 0.020833333333333332 0.0275 0.041666666666666664
0 0.9820286738113402 0.055539158970289104 0.026543226304605552 0.05726941891355561
0 0.9591975190181243 0.24400718940873958 0.029655445941251343 0.06742467140871478
2 0.676875 0.5908333333333333 0.13875 0.058333333333333334
2 0.676875 0.10333333333333333 0.06875 0.20666666666666667
2 0.230625 0.81 0.37875 0.38
1 0.196875 0.9658333333333333 0.10125 0.06833333333333333
2 0.066875 0.7141666666666666 0.13375 0.18833333333333332
1 0.05495052895239283 0.6618678722877125 0.04276776872826019 0.0375228530463365
1 0.7671443159837068 0.7752582764785833 0.04337998836490598 0.0475228530463365
2 0.77125 0.7375 0.1725 0.235
1 0.524375 0.6358333333333334 0.02625 0.03166666666666667
1 0.561875 0.6291666666666667 0.03125 0.018333333333333333