2 0.028125 0.3025 0.05625 0.235
2 0.143125 0.07333333333333333 0.06875 0.14666666666666667
2 0.028125 0.1375 0.05625 0.275
0 0.005625 0.2175 0.01125 0.051666666666666666
1 0.14660810563334395 0.05364797121692921 0.01709317600254536 0.0264418655149503
1 0.023134899777197973 0.16760838741971043 0.019629538669636303 0.030822141887535393
2 0.97 0.20583333333333334 0.06 0.4116666666666667
1 0.7251621851050164 0.06038914580041639 0.02582863093570893 0.02552283281899842
1 0.5888758224379255 0.06786420810631076 0.025843176002545362 0.02718949948566518
1 0.5219499147039983 0.06774493440629868 0.024026356269890813 0.03369595887289288
1 0.8416667237746526 0.07962296114187041 0.02902635626989081 0.03412317828473003
1 0.90381764217058 0.034282718493906544 0.02338681120305438 0.031975889779746657
1 0.065460796849125 0.7432527435757346 0.030298173870145318 0.03672998313768933
1 0.19293170671545234 0.7290253152405551 0.030319991470399828 0.039229983137689335
1 0.22966852858050685 0.7100412387449232 0.03218044640356339 0.03772352375046163
2 0.894375 0.7208333333333333 0.21125 0.5583333333333333
0 0.8933012922978896 0.5215716635904979 0.10044406241247202 0.13099098581026244
1 0.3415657840547247 0.7997195467847903 0.03092317387014532 0.03678338556416899
1 0.37769215098661574 0.7824555393823047 0.027165901336727104 0.03562963767195773
2 0.8061221595162159 0.7091548081506064 0.08136811203054407 0.3067287057364343
0 0.8200312795034893 0.5828731499150951 0.034738626670908844 0.04460380012304673