2 0.03 0.2916666666666667 0.06 0.3333333333333333
2 0.01875 0.10416666666666667 0.0375 0.17833333333333334
2 0.07375 0.4766666666666667 0.1025 0.4066666666666667
2 0.214375 0.4866666666666667 0.10375 0.38666666666666666
2 0.4001097316773968 0.45817108892735214 0.09011997849326604 0.3869336522293611
2 0.285625 0.10916666666666666 0.05625 0.21833333333333332
2 0.12625 0.085 0.0525 0.17
1 0.024308349378121933 0.3795131673659381 0.02125172324222078 0.03785401250411572
0 0.015678142596477613 0.15028335447518448 0.024464052770747743 0.04066974362455028
0 0.0075 0.03833333333333333 0.015 0.03666666666666667
0 0.059638804465256996 0.30336508703524184 0.023592480727698303 0.05137678450970981
0 0.07575867179357687 0.31911040930408213 0.017066798841806303 0.060682176044753365
1 0.08037861323186085 0.5761683857354736 0.02571405277074774 0.04079603607272437
1 0.21744196558922568 0.5775605550346018 0.02380994292790547 0.039773264067130186
0 0.2130257930508381 0.32633591193654365 0.027967480727698158 0.05181880807831836
1 0.13153257485477482 0.09721799082761734 0.01530651497095505 0.028119029820666414
1 0.29019696856846866 0.14646417263086106 0.015248295285270217 0.02645236315399984
1 0.41605838643310405 0.5403304929665115 0.023184942927905468 0.039710117843043236
0 0.3935754335804011 0.2889412760365986 0.024493162613590157 0.04150307695788371
2 0.6945943707173383 0.40115139387964166 0.09779808403476153 0.46410548868872314
0 0.6806747887494913 0.19879011874801866 0.027821931513486504 0.04765214141165188
1 0.7002091239014689 0.49057064544265616 0.030351041356328778 0.04873805964133283
2 0.029375 0.84 0.05875 0.32
2 0.16 0.8216666666666667 0.0775 0.2833333333333333
2 0.259375 0.8458333333333333 0.11125 0.30833333333333335
2 0.368125 0.84 0.09125 0.32
2 0.43625 0.7908333333333334 0.065 0.22166666666666668
2 0.554375 0.7541666666666667 0.07875 0.14833333333333334
2 0.093125 0.7925 0.05875 0.225
0 0.24794018676453178 0.7289383236673833 0.030991457898860517 0.06707139297466616
1 0.5735189371369372 0.7070269450889429 0.018940075599585385 0.025164573831854775
1 0.430952193877604 0.815520915761844 0.023126723242220634 0.03804345117637638
1 0.3706371553330004 0.9074133342383087 0.023068503556536085 0.0363767845097099
1 0.2229813593029194 0.9771950942333548 0.023693503556536086 0.03643993073379685
1 0.15828098130499135 0.8544032438302545 0.021818503556536088 0.036250492061536
1 0.01972450338901851 0.9350690509625177 0.02190583308506305 0.038750492061536
2 0.939375 0.84 0.12125 0.32
0 0.9586901497095498 0.7190377830290076 0.04777912837033341 0.0662763410250137
1 0.6982484249777076 0.8762410120105483 0.025510283870851396 0.034962702739390845
1 0.7639316446633921 0.8845380322063443 0.028402405128112634 0.028611767193158926