2 0.2025 0.4583333333333333 0.2575 0.48333333333333334
2 0.978125 0.5708333333333333 0.04375 0.25833333333333336
2 0.8945904600463673 0.4264185854128141 0.07883272532260165 0.3729281065853335
2 0.7457205422667426 0.332798491896481 0.07130725852412396 0.3718620206684446
2 0.61 0.5783333333333334 0.1 0.24333333333333335
2 0.683385013019553 0.3089241594747403 0.06637411583220314 0.3125983737586297
2 0.56375 0.5083333333333333 0.0675 0.38333333333333336
0 0.6096573173544466 0.49437166210870337 0.03938454308735402 0.0628304295844445
0 0.76625 0.6816666666666666 0.045 0.03666666666666667
0 0.8076825770351255 0.5323509892625179 0.03185907628887634 0.06176434366755568
0 0.6832884351638162 0.16905993181514772 0.03086374427365385 0.07005888490362963
0 0.5892604272551507 0.22193054701233297 0.021477074311709855 0.048954006889481434
0 0.6465588197419185 0.26760731844114777 0.023977074311709857 0.049031591083999994
0 0.8292434679550327 0.37849396261618456 0.028951607513232034 0.04835342613970378
0 0.9770862062971876 0.34226922452155484 0.026451607513232035 0.04827584194518522
0 0.9350477711333712 0.14459605359936967 0.019321939528454665 0.03972915207692599
0 0.6663189841826693 0.07051393870462923 0.018097406326932342 0.04052369331300002
0 0.5467073667836053 0.18412160374974046 0.025176140714754353 0.04740371651459261
0 0.5884645758785705 0.12538025663744412 0.01929647272997684 0.03889581874359261
0 0.53375 0.0275 0.0075 0.03833333333333333
0 0.990625 0.2916666666666667 0.01875 0.04666666666666667
0 0.7885505193613578 0.05506504255518465 0.021298806722365525 0.043120673556148174
1 0.7380465284265781 0.42045366028551806 0.019118205140632512 0.033062485410259225
1 0.6409996414610036 0.5516770048646663 0.024819605536065693 0.03573704984792585
1 0.55678382287564 0.6716790951378886 0.02661820514063251 0.03329523799381491
1 0.8949003153772803 0.49800766788496226 0.025444605536065694 0.035756445896555536
1 0.674002596806789 0.41161811996103664 0.019641337946721505 0.029748548125555583
0 0.5647135402895763 0.35090394995044416 0.026833609490398515 0.06077584194518522
0 0.7971700229053849 0.24295226677003645 0.02114600593149902 0.0381206735561481
0 0.675625 0.015833333333333335 0.02125 0.03166666666666667
1 0.6202493786466035 0.10691045420596261 0.0157894707528105 0.026298838500444455
1 0.5655709039394603 0.15939245167281452 0.013736203163466172 0.020407317021222202
1 0.9006918573080793 0.022445879232443778 0.014284802768032989 0.017926713069851868
0 0.74375 0.004166666666666667 0.015 0.008333333333333333
2 0.228125 0.9408333333333333 0.09875 0.11833333333333333
2 0.516875 0.7975 0.02625 0.195
2 0.05125 0.85 0.0725 0.3
2 0.01875 0.775 0.0375 0.15
2 0.305625 0.85 0.07875 0.3
1 0.27864180787892057 0.9284801406294811 0.01781727154367701 0.03135702664633338
0 0.11785762646428424 0.8160813014190739 0.022625207117798852 0.04565946565340748
0 0.1318113608521063 0.8089879216825554 0.018530341901054185 0.05469035997966671
0 0.09738330038056084 0.7709268297877776 0.020150673916276604 0.04641521479222225
0 0.11586483555924942 0.7586976777108517 0.018301140714754353 0.04719035997966666
1 0.03844974345304242 0.9217809526852221 0.018340404349765967 0.028043089361629636
1 0.00375 0.76 0.0075 0.023333333333333334
1 0.1068835074983597 0.7256746811555924 0.014437603558899425 0.02292671306985189
0 0.2075 0.7166666666666667 0.0175 0.03333333333333333
0 0.22628081183325327 0.9051288047629998 0.02369693952845452 0.03986492441733333