2 0.266875 0.15583333333333332 0.18375 0.31166666666666665
1 0.28847825971945257 0.1203760760909995 0.05548805737172387 0.05081533080018517
1 0.00625 0.010833333333333334 0.0125 0.021666666666666667
1 0.06625 0.009166666666666667 0.03 0.018333333333333333
2 0.444375 0.11833333333333333 0.17125 0.23666666666666666
1 0.4439346588556652 0.09308525207948085 0.05040795373200453 0.04899349574448157
0 0.6989214750166108 0.1847914076011475 0.04995899012919906 0.06562137031388895
1 0.0175 0.6533333333333333 0.035 0.07
1 0.21015564589885521 0.45815110456051816 0.02902196915466966 0.03252009280637045
1 0.27648574953857463 0.4544284567391107 0.02839696915466959 0.03250069675774076
1 0.415 0.44416666666666665 0.03 0.028333333333333332
0 0.744641678597267 0.7436117324234439 0.04665699568106334 0.11378013920955557
1 0.7117327668143213 0.727159119049444 0.02434238371354752 0.039031591084000186
0 0.724375 0.44416666666666665 0.02375 0.028333333333333332
2 0.71125 0.6291666666666667 0.0775 0.3983333333333333
1 0.5608897624953847 0.6195081312068516 0.025047487353267003 0.04071765379929635
2 0.573125 0.5708333333333333 0.08625 0.2816666666666667
2 0.751875 0.4716666666666667 0.07125 0.08333333333333333