2 0.54125 0.215 0.3575 0.43
1 0.4165184769501532 0.17706709530264902 0.0897645756489527 0.08646676382034628
1 0.7989157094182164 0.35612026312107486 0.028561376623205417 0.03617491341724607
1 0.9233343470805369 0.3402208311944393 0.022958195454365723 0.037273264067130184
1 0.955997988314239 0.3244372275419181 0.0241754672076253 0.03489955651530408
2 0.591875 0.6308333333333334 0.24875 0.40166666666666667
1 0.6462911230551193 0.6549947182049111 0.059557296752930144 0.06760241173083954
1 0.12634392630087107 0.5127849615415979 0.025381829545304768 0.03169251563014446
1 0.2482734733787717 0.4963047811779768 0.024110010714144467 0.02989955651530399
1 0.28219802402805383 0.4795615517439484 0.024131829545304698 0.03156622318197066
2 0.7525 0.6991666666666667 0.065 0.445
2 0.8825347964312548 0.680255176085833 0.09725334188100704 0.42011582827411453
0 0.7324675961056251 0.5098295214297146 0.023154564934808164 0.05227326406713009
0 0.7479071360407628 0.5224175324942075 0.015785477921769767 0.0615155093780867
1 0.7400956701330199 0.7853595560628162 0.02551274253226637 0.04169251563014465
1 0.880895220782302 0.75781832230992 0.023626833116686327 0.04066974362455047
0 0.888630320780984 0.5007096320746447 0.02752956493480809 0.05271528763573864