2 0.42875 0.26416666666666666 0.0625 0.3616666666666667
0 0.446875 0.09916666666666667 0.02625 0.03166666666666667
1 0.4259350540928517 0.31837307781325697 0.042559942927905464 0.03781998063960259
1 0.07806859619399127 0.2568874610511389 0.025960624813797323 0.027693927660365224
1 0.1444059257225183 0.2588735527511712 0.02718151497095505 0.026870290710050048
1 0.28196414540820297 0.25947361728582935 0.02539384449948187 0.029355746135522717
1 0.39732888006484257 0.286919731572992 0.02479795434232443 0.030184231277346877
1 0.46875 0.155 0.0175 0.03666666666666667
2 0.304375 0.76 0.31125 0.48
2 0.15625 0.6941666666666667 0.1275 0.34833333333333333
0 0.160625 0.5283333333333333 0.04125 0.016666666666666666
1 0.15072620810374815 0.7254523963644366 0.04184761339937836 0.03531513244809351
2 0.935625 0.76 0.12875 0.48
0 0.9725 0.5508333333333333 0.055 0.06166666666666667
1 0.973125 0.9575 0.05375 0.06166666666666667