2 0.87625 0.17 0.08 0.34
2 0.455 0.4725 0.105 0.275
2 0.42 0.17166666666666666 0.06 0.3433333333333333
2 0.6575 0.0475 0.055 0.095
2 0.7375 0.1375 0.0775 0.275
0 0.865472060922454 0.030422385291238262 0.02472052838479314 0.052580634357432814
1 0.65625 0.0125 0.015 0.025
1 0.746981873437527 0.1839999545733494 0.020649073663405914 0.030671286992974653
1 0.8760835660429516 0.23056799370991324 0.021274073663405772 0.030719823132532912
1 0.944375 0.004166666666666667 0.01625 0.008333333333333333
0 0.399375 0.023333333333333334 0.01875 0.04666666666666667
0 0.44805427747745524 0.3991412321586479 0.03317314732681176 0.06071160417169096
0 0.5259658626318345 0.5571743520682964 0.04272399362952406 0.0797244434588409
1 0.4015747028464196 0.24770158589358213 0.022742486291418337 0.03581689541164944
1 0.3645787513102704 0.8830695489608994 0.028737671558737077 0.030468923473899377
2 0.745 0.8766666666666667 0.12 0.24666666666666667
2 0.84625 0.6766666666666666 0.0925 0.13333333333333333
2 0.43875 0.6541666666666667 0.0875 0.08833333333333333
2 0.51625 0.6916666666666667 0.095 0.16333333333333333
2 0.61875 0.6791666666666667 0.085 0.13833333333333334
2 0.966875 0.785 0.06625 0.35
2 0.788125 0.7558333333333334 0.09125 0.2916666666666667
0 0.715625 0.6175 0.03125 0.015
0 0.7438125574548673 0.8012087377359994 0.03298497258283661 0.07066306803213271
1 0.5133399133132935 0.6869719885492211 0.021783703128768223 0.04238648979919958
1 0.6075 0.615 0.02 0.01
1 0.7909182985241426 0.7816126871486566 0.021456084186749536 0.03488648979919958
1 0.8362224270218752 0.6779955783133222 0.02152888839608707 0.036553156465866245
1 0.99 0.8491666666666666 0.02 0.03833333333333333