2 0.263125 0.26 0.14125 0.24
0 0.2822086304019304 0.20260119700810805 0.04613497672981197 0.0915760890295862
0 0.26088205137216813 0.18256161949428587 0.0392217387901124 0.08050028046093188
2 0.776875 0.19 0.25125 0.38
1 0.8094787901622804 0.19835427254226298 0.06903044594125135 0.06835507578067146
1 0.415625 0.01 0.02625 0.02
1 0.19764192495161695 0.8605672096407317 0.056504988364906125 0.04708528702376043
0 0.2046435939311651 0.5108428499328268 0.055382482547358905 0.06948829692963197
2 0.18375 0.7333333333333333 0.2125 0.5333333333333333
1 0.06873845744100308 0.694350926083273 0.028239713819098712 0.0335183959883481
2 0.828125 0.8216666666666667 0.11125 0.3566666666666667
2 0.436875 0.7966666666666666 0.11625 0.4066666666666667
2 0.691875 0.8958333333333334 0.14125 0.20833333333333334
2 0.54375 0.5591666666666667 0.075 0.35833333333333334
2 0.5887764890799764 0.5720970091663221 0.07638934619253916 0.38206103950022813
2 0.466875 0.545 0.09625 0.33
2 0.401875 0.46 0.06375 0.16
1 0.41830547234240584 0.9313503460892154 0.027959061577121247 0.0493032342746172
1 0.3904088684769722 0.4558104881144611 0.01991064060688352 0.02986984484909745
1 0.5350648301700391 0.6000844647131581 0.022818787031313972 0.03663350160989239
1 0.5752179882295637 0.640066629646674 0.02178564060688359 0.0299425874196938
1 0.6088152427714916 0.7666669661997924 0.022767768728260192 0.03580016827655906
1 0.6588536870119174 0.8396098340804181 0.026874896849636797 0.04177898675108509
1 0.813125 0.9825 0.02625 0.035
1 0.7848862145341693 0.5922349790789326 0.021211658909937228 0.030751673229495017
2 0.793125 0.545 0.07875 0.33
0 0.4507664091998014 0.6160262107500559 0.032487116486282656 0.05197296693934201
0 0.55875 0.3908333333333333 0.0275 0.021666666666666667
0 0.587895984963255 0.41251813459960984 0.02452795175879828 0.04418199665695672
0 0.6476410997487121 0.5008732103802813 0.022754988364905842 0.04577592075302713
2 0.6311492011982497 0.6781549826684923 0.08314942607271433 0.4313731913080875
0 0.6975 0.3983333333333333 0.0275 0.03666666666666667
0 0.81125 0.3875 0.0225 0.015
0 0.893125 0.39416666666666667 0.02625 0.028333333333333332
0 0.8750516372052324 0.43952957628123973 0.02883915309239029 0.05349414846481598
0 0.8366593842287878 0.6777748370536868 0.037678409335143784 0.06547603293739977
0 0.6903843392538949 0.8567040386374204 0.04456608654813493 0.09650334645899003
0 0.7157154940471107 0.66807081748846 0.031632482547358905 0.06856689103541233
0 0.6913784225357209 0.5334766129314576 0.03210442763819742 0.06609113855894436