2 0.16125 0.225 0.2775 0.45
1 0.12084262528298254 0.3177466780766925 0.11023453454729236 0.10927961565832069
2 0.48375 0.225 0.3675 0.45
1 0.33 0.3933333333333333 0.06 0.11333333333333333
0 0.6208741872254947 0.2651227739358532 0.05923244539444795 0.143228316431111
2 0.066875 0.725 0.13375 0.55
2 0.835625 0.7583333333333333 0.20625 0.48333333333333334
1 0.8469078383208515 0.9330923269361002 0.06202529448397854 0.0712386669683455
1 0.36127990778521096 0.8460433671377781 0.030138796991261037 0.03842663932143201
1 0.4923844226440183 0.8240661843540747 0.03133424006331381 0.03607245376064194
1 0.5314684523616332 0.8061396961856303 0.026959240063313815 0.03556210322340727