2 0.16 0.2475 0.0775 0.305
2 0.224375 0.25333333333333335 0.09125 0.29333333333333333
2 0.33625 0.2866666666666667 0.085 0.22666666666666666
2 0.084375 0.13166666666666665 0.06125 0.2633333333333333
2 0.11947765550828628 0.18486410281265014 0.05596862570548069 0.3037040105448872
1 0.21427399489752347 0.3572353323383343 0.02271675042520627 0.035287205799688005
1 0.14792195829141583 0.3553026914868114 0.019693787031313973 0.03678409380983624
1 0.11494970374948793 0.22809556895207247 0.01866064060688359 0.0300834714118659
0 0.10875 0.39 0.03 0.02
0 0.0925 0.39166666666666666 0.0225 0.016666666666666666
0 0.1666841197525914 0.12054038160593708 0.023647860243529238 0.04032116153099163
0 0.13029363890605794 0.04916659240453152 0.016364713819098712 0.03328098181998456
0 0.0925 0.0125 0.02 0.025
0 0.23525560726708464 0.1476767568452821 0.02883915309239029 0.053892184983450685
0 0.34377617962888707 0.21878878847994362 0.026033043274067323 0.04875636205823601
0 0.32375 0.0175 0.02 0.035
0 0.191875 0.009166666666666667 0.01875 0.018333333333333333
0 0.006875 0.23166666666666666 0.01375 0.05
2 0.160625 0.5341666666666667 0.09625 0.2683333333333333
2 0.0225 0.7966666666666666 0.045 0.4066666666666667
1 0.1581899333204022 0.5450593297021126 0.02610962230382967 0.02965760685417668
2 0.715625 0.7516666666666667 0.15125 0.49666666666666665
1 0.7730620265364968 0.7515802108977439 0.02803564060688359 0.03059280738142102
1 0.7280237885967972 0.7600026873085163 0.023405549091614263 0.026188450595628677