2 0.20919800497602922 0.46879964549908276 0.08371365671569095 0.4151187325414664
2 0.043125 0.6066666666666667 0.08625 0.20666666666666667
0 0.05990352962497297 0.15837711776113517 0.02989110492978881 0.061900224368745566
0 0.035506405246976555 0.22169512110417847 0.028477330619529225 0.05768506265501477
0 0.09182988783412199 0.26978347412599674 0.024727330619529225 0.05753957751382207
0 0.10463351786551606 0.11921686355151649 0.020551517412854565 0.04656075903929623
0 0.11371106648603507 0.11122299554763253 0.01410498824054315 0.041318283803975266
0 0.026910479874423885 0.551864853768903 0.03594191813646347 0.07295178541386765
0 0.2128860162828245 0.29534507454808895 0.028477330619529367 0.05768506265501477
2 0.55125 0.5708333333333333 0.0825 0.2783333333333333
0 0.5525770710094027 0.46698078170104984 0.028971311171321616 0.05437597684521355
2 0.764375 0.5591666666666667 0.10875 0.3016666666666667
0 0.7639855300776344 0.4392946162745009 0.03229284034363303 0.05949721446287393
2 0.95375 0.5075 0.0925 0.39166666666666666
0 0.9774876426961739 0.3424175366577533 0.028051517412854422 0.04685172932168143
0 0.9560057010407967 0.3315688733341299 0.022494684757972293 0.032491082466757935
1 0.9462093396662645 0.5648779591439311 0.02459896879233554 0.03839715837068752
2 0.615901257802728 0.480287362434657 0.1030886567156908 0.4158704057709614
0 0.6132055920403018 0.29406606872481006 0.029006723654387372 0.039400224368745566
1 0.6067467055641643 0.6176418772934643 0.024664478516439346 0.04006382503735419
2 0.520625 0.45416666666666666 0.02125 0.4116666666666667
0 0.514375 0.19833333333333333 0.00875 0.056666666666666664
0 0.6058861754865299 0.19362961330123235 0.022688556309269785 0.0533001682765592
0 0.615138128901364 0.2448994020581434 0.02699804658516598 0.0518032342746172
2 0.6702576544556308 0.37139383098389134 0.07901908095821356 0.3591884091140047
0 0.6800345490731806 0.21820598279175063 0.02249202713695837 0.048300168276559245
1 0.6759260398017382 0.4342090487898086 0.023283459068231736 0.03668199665695662
0 0.6952558602445023 0.1653818474525913 0.02811436951594459 0.06432748179814932
0 0.754371478969101 0.19020960971167256 0.02972998824054315 0.04192447189227769
2 0.7388713197653953 0.34567923019202446 0.07898632609616157 0.35835507578067144
1 0.7477001175945687 0.4236399331391343 0.021277439620024124 0.033275920753027134
2 0.8122689891458661 0.40527984720607485 0.08168551288948692 0.3476429800649985
0 0.8220786386254679 0.25125866568060073 0.02134294934412793 0.0349425874196938
1 0.8040917675268318 0.4859192003511513 0.024533459068231737 0.03673049170402085
0 0.8305205567619312 0.17981022672572294 0.03219723337849132 0.04118812865307272
2 0.884564487110513 0.3655198173652017 0.09069755178590214 0.3546491120611146
0 0.9000318914521667 0.21088353021818315 0.025420497964646814 0.04342140589421964
1 0.8852054328365964 0.46068955002992634 0.02147396879233554 0.038275920753026944
0 0.9650593310721908 0.180856777618457 0.021340291723114007 0.05075167322949502
2 0.113125 0.8983333333333333 0.10125 0.20333333333333334
2 0.083125 0.8291666666666667 0.06875 0.23833333333333334
2 0.14125 0.7966666666666666 0.075 0.17333333333333334
0 0.11096145228480396 0.8247310716980786 0.02509029172311415 0.05089715837068752
1 0.13595347942176234 0.7781282300687662 0.020521420171816514 0.02991833989616168