2 0.125625 0.17 0.08625 0.34
1 0.12666255104910953 0.216430304355268 0.025788626463433103 0.03849414846481598
2 0.29875 0.18 0.0625 0.36
1 0.31430436065075157 0.241656047295639 0.026431807181592434 0.04268506265501477
2 0.23875 0.045 0.075 0.09
2 0.834375 0.275 0.33125 0.55
1 0.745625 0.5158333333333334 0.07625 0.06833333333333333
0 0.9709684643201044 0.47907158258248084 0.05484042638487665 0.10877620121395902
1 0.5759967200598038 0.21434752240770172 0.02262726502711459 0.030039577513822167
1 0.6422576284906993 0.21427728491329948 0.025744992739850828 0.028494148464815985
2 0.955 0.18 0.09 0.3466666666666667
0 0.98625 0.0225 0.0275 0.03166666666666667
1 0.5541326284906993 0.8753940733004358 0.02513090117074654 0.03096990094128387
1 0.6197685369215948 0.8753480833295657 0.02638090117074654 0.0310183959883481
1 0.9178171779053261 0.8462820146047556 0.02574862888348292 0.029327481798149316