0 0.32471809902706533 0.138577329807723 0.020643655519228046 0.05040868662793997
0 0.434375 0.09583333333333334 0.01125 0.035
2 0.65125 0.0875 0.07 0.175
2 0.47375 0.20416666666666666 0.0675 0.33166666666666667
2 0.526875 0.2875 0.08375 0.165
2 0.5125 0.0325 0.1325 0.065
0 0.5113548357164511 0.24596548574894228 0.025193206168510188 0.06401371182780186
0 0.5233934769501531 0.23272803639693626 0.020204115584090233 0.06453654017081685
1 0.47154345909324574 0.2817440458810324 0.022947286038785535 0.035563939123099055
1 0.6658948964299367 0.08066175021090004 0.015985010714144324 0.02847032809474475
0 0.921875 0.009166666666666667 0.02125 0.018333333333333333
1 0.415 0.9041666666666667 0.05 0.12833333333333333
1 0.1084557701317018 0.4540569967475734 0.027300467207625304 0.034168964322961036
1 0.17530895130054153 0.4515706591687324 0.03170819545436572 0.036940656189489496
1 0.430625 0.42333333333333334 0.01875 0.03666666666666667
2 0.4775 0.8266666666666667 0.075 0.3466666666666667
0 0.45974482500230673 0.6914109348775915 0.028845021428288965 0.05674659057054062
1 0.449375 0.9808333333333333 0.01875 0.03833333333333333
2 0.56625 0.88 0.1025 0.24
0 0.5651906915613089 0.7939405573762041 0.0338232025971287 0.05539042889419231
0 0.6 0.9733333333333334 0.0375 0.05333333333333334
2 0.77125 0.8341666666666666 0.095 0.33166666666666667
0 0.7869284519504828 0.695239524678408 0.02814365551922805 0.0508744441134174
1 0.764375 0.9833333333333333 0.02625 0.03333333333333333
2 0.653611665261756 0.6227510129598796 0.0685392334396797 0.36979227195989206
0 0.6519344542219818 0.4646505583692849 0.024317289610167023 0.044808232037345304
1 0.646950270781643 0.7022669977406544 0.02236592370110614 0.03885845933264269
2 0.742575270781643 0.6963285898008164 0.07611559934874065 0.37609136277870275
0 0.7409198785730291 0.5365614685435551 0.02629047435038828 0.05242467140871478
1 0.7329743363663924 0.7618719735338734 0.022980014285525954 0.038063939123099244
2 0.6875 0.5283333333333333 0.055 0.31666666666666665
0 0.6872367545462933 0.39168250322751313 0.02304547077900679 0.043063939123099144
1 0.6858903136382211 0.5899382103132669 0.016039557792045186 0.032636994761411416
2 0.655625 0.41 0.04375 0.08
2 0.77 0.43416666666666665 0.055 0.12833333333333333
1 0.7672617366893859 0.43250894359196346 0.016006829545304697 0.030136994761411417
2 0.825625 0.48833333333333334 0.05875 0.23666666666666666
1 0.8208107844172278 0.5399267220317954 0.018506829545304696 0.03029224725657059