2 0.28198249263058295 0.41586878522798476 0.150311236017278 0.4127769025222574
0 0.2919414643626942 0.23914878845471765 0.04284965144363895 0.056158162164445004
1 0.2847427715821662 0.5083348478874209 0.04886689886008327 0.04287331074620283
1 0.003125 0.43666666666666665 0.00625 0.03333333333333333
1 0.11249111633880517 0.4238493117936255 0.028110975531833303 0.035213320426401726
1 0.14715705706824964 0.4069159945939568 0.02562552256830557 0.036027260993698365
2 0.705064374089472 0.4525063627455967 0.08407578305375026 0.4130963275556229
0 0.7062151576756942 0.2791875739867907 0.02795148069894452 0.06187513890155922
1 0.6943801408069717 0.5275790856182336 0.026395992933027797 0.04436544251854097
0 0.9590523523560833 0.07891981224131472 0.01636689886008355 0.04262120478772824
2 0.088125 0.8441666666666666 0.07375 0.31166666666666665
2 0.194375 0.8158333333333333 0.06125 0.255
2 0.291875 0.7875 0.06375 0.19833333333333333
1 0.17856864217436083 0.8002165017992001 0.019288240349472262 0.030978779078607202
1 0.274920993997972 0.7578080618316365 0.019302787385944386 0.031812112411940534
0 0.09125 0.7025 0.0225 0.028333333333333332
0 0.96375 0.9816666666666667 0.0475 0.03666666666666667