2 0.225625 0.4058333333333333 0.10125 0.28833333333333333
2 0.36875 0.4425 0.1075 0.215
1 0.05450774626797814 0.31158891394368227 0.04443253686106214 0.0508154982668492
0 0.156875 0.5283333333333333 0.03375 0.043333333333333335
0 0.21461132609616165 0.2886781083482965 0.02824804658516598 0.05185172932168143
0 0.29625 0.54 0.0375 0.02
0 0.3762083414736631 0.38314606513525024 0.032554879240048254 0.06616388112954079
0 0.35449977340493644 0.37065498266849234 0.0291350854815812 0.05854264351188022
1 0.21 0.545 0.025 0.01
2 0.351875 0.030833333333333334 0.04625 0.06166666666666667
2 0.950625 0.275 0.09875 0.55
1 0.4650999914059263 0.09975141184075681 0.02479815558566088 0.027588072560886304
2 0.26875 0.6933333333333334 0.0925 0.2866666666666667
2 0.18125 0.6975 0.0975 0.295
2 0.385 0.7058333333333333 0.1025 0.31166666666666665
2 0.43 0.6841666666666667 0.04 0.2683333333333333
2 0.315 0.6491666666666667 0.0825 0.19833333333333333
1 0.19693778471173184 0.7019629466345657 0.02443519448207603 0.03423049170402086
1 0.28285226322817114 0.7444030289780653 0.02472998824054315 0.04173049170402086
1 0.3944625667107421 0.7578857548334452 0.024664478516439346 0.04006382503735419
1 0.3203407693342304 0.6185518605782478 0.023152439620024126 0.03334866332362329
1 0.43766636453991536 0.6821800715748204 0.02325070420617976 0.03584866332362329
2 0.744375 0.775 0.51125 0.45
0 0.8034118208954254 0.6167486263036307 0.10616588692879901 0.11311901300239839
1 0.49322499140592624 0.9333793233042036 0.03209896879233554 0.038688128653072716