2 0.155 0.32 0.31 0.64
0 0.1325 0.010833333333333334 0.0875 0.021666666666666667
1 0.04866929015878551 0.4606284095233356 0.0813476134447312 0.09234231525406851
0 0.8604063774900484 0.26293984151046845 0.08878288301124172 0.11131664436355077
2 0.8675 0.4175 0.265 0.445
1 0.315625 0.41083333333333333 0.01125 0.03833333333333333
1 0.4370670087292768 0.42040674167280884 0.03177100593149902 0.04035534482102662
1 0.47405767275972166 0.4072364156033177 0.03362053913302134 0.039696828517552
2 0.26625 0.895 0.0875 0.21
0 0.29375 0.835 0.0325 0.07333333333333333
2 0.644375 0.9441666666666667 0.18125 0.11166666666666666
0 0.6407448620830233 0.9267747828881416 0.04670627549800969 0.060028942049943905
0 0.8391637937028125 0.9344720547198384 0.04692380672236538 0.046753881059896876