1 0.020625 0.19583333333333333 0.04125 0.11833333333333333
2 0.175 0.14 0.35 0.28
0 0.30053291298538554 0.11402758061855972 0.08456496161679922 0.17339844780356392
1 0.72375 0.2675 0.025 0.025
1 0.789375 0.2658333333333333 0.02625 0.028333333333333332
1 0.9199832655633472 0.26184232761592263 0.023394083736472452 0.03316974362455028
2 0.368125 0.64 0.34625 0.72
0 0.3275 0.32166666666666666 0.11 0.08333333333333333
1 0.27238609538513103 0.8471724594027039 0.09888861600890862 0.09741395718165052
1 0.0949610100891293 0.49875505149716476 0.024622266136218086 0.030796036072724176
1 0.12945964315723835 0.481115342505716 0.024607721069381652 0.029129369406057513
1 0.6160582868873477 0.4696649475978598 0.025894083736472596 0.033422328520898076
1 0.6511891924888747 0.45112875904899086 0.026540901336727103 0.03598547474498503