1 0.2297870431848439 0.2543891012924352 0.06523684383083066 0.06833082825713935
2 0.244375 0.2325 0.21625 0.465
1 0.081875 0.0075 0.02125 0.015
1 0.38626439707987786 0.05202065874799767 0.02665364837646507 0.031851729321681434
1 0.445505320780984 0.016799925960014738 0.02790364837646507 0.03190022436874557
0 0.550625 0.3516666666666667 0.02125 0.15
2 0.178125 0.5541666666666667 0.15625 0.16833333333333333
1 0.15005345195048278 0.5218199665695672 0.03860501428552596 0.038145765602124584
1 0.5910961730544602 0.7741309965336984 0.028463191882984233 0.026924471892277778
1 0.7280475389635211 0.7736078708538944 0.025995920129724653 0.029327481798149316
1 0.8814234555218643 0.7603818474525913 0.024088191882984233 0.02675473922755297
1 0.8474661766258417 0.7749058145151914 0.02409910129856428 0.027588072560886304