2 0.384375 0.195 0.19125 0.39
1 0.445625 0.3675 0.06875 0.045
2 0.153125 0.195 0.30625 0.39
1 0.11653808875627135 0.09618329957153894 0.02638090117074654 0.03061092727248763
1 0.15334763817089808 0.08032509221256826 0.02575590117074654 0.03059638138504738
2 0.535625 0.09916666666666667 0.06125 0.19833333333333333
1 0.5305208019487095 0.13819906753676994 0.01951680960164197 0.032950922510645644
2 0.258125 0.5341666666666667 0.12875 0.28833333333333333
1 0.22004851998124708 0.5373952584481376 0.04769271561248786 0.045272154112120405
1 0.10027718032537578 0.44934018961587885 0.028281354176169487 0.03648789826814152
1 0.5332062452739338 0.5689611316027929 0.028244992739850972 0.028154564934808
1 0.6981189778267693 0.5451210173185851 0.02448772045258728 0.026400622943500405
1 0.6619380645557746 0.5617980121234489 0.02574499273985097 0.02809638138504738