2 0.4225 0.37583333333333335 0.24 0.4483333333333333
0 0.3996444913334344 0.18605912817393797 0.07218043606507507 0.0705575420235499
1 0.46 0.5866666666666667 0.0725 0.02666666666666667
1 0.17540808149612225 0.3593137792306514 0.02574499273985097 0.027698775851874302
1 0.2435512622142815 0.36400889877181314 0.026991356596219162 0.02687513890155922
2 0.8720972214662204 0.17225981284949127 0.05308583582940514 0.2779023998952577
0 0.90125 0.56 0.0425 0.08
0 0.8684631613577618 0.055568905225278936 0.019534990319801295 0.03681696060344966
1 0.6856403779838829 0.26664353692159487 0.030803171037960483 0.04107089471728064
1 0.8642485683822407 0.2355301196932059 0.01574499273985097 0.02762120478772829
1 0.9505126962520904 0.0962040183129749 0.013859084308955404 0.025106660213200863
1 0.8100440504282599 0.1309465085567541 0.016351812021691784 0.0234593863125707
2 0.8 0.0975 0.045 0.195
2 0.74875 0.09583333333333334 0.0375 0.19166666666666668
2 0.91125 0.10083333333333333 0.0475 0.20166666666666666
2 0.948125 0.08416666666666667 0.04375 0.16833333333333333
2 0.841875 0.7916666666666666 0.07875 0.38333333333333336
1 0.8530907220870699 0.905391188958152 0.02516726260706491 0.038527260993698555
0 0.845 0.6116666666666667 0.0275 0.023333333333333334