1 0.44125 0.30083333333333334 0.025 0.018333333333333333
0 0.42625 0.02 0.03 0.04
2 0.425625 0.155 0.08875 0.31
2 0.50125 0.155 0.0625 0.31
1 0.4912470839044009 0.21086548882883324 0.020351692605424604 0.03870739878881921
2 0.594375 0.155 0.09375 0.31
1 0.5823274018223201 0.18843310063145263 0.024508279977412145 0.03418356961732153
2 0.71125 0.24 0.105 0.14
0 0.7050698881137385 0.23579650168803917 0.03353100415286775 0.08409850472877754
1 0.13624650068528107 0.742278198634225 0.028846877872743378 0.03382640711249034
1 0.3009250459638939 0.7386379990465727 0.02682626945406838 0.030289000566941886
1 0.26481449016193737 0.7521245592063394 0.026899073663405916 0.03195566723360855
1 0.7043603386822579 0.4092844371859806 0.025539867349399684 0.029319618425464947
1 0.7740265555196078 0.4235018127046117 0.029914867349399684 0.029795789253967277
1 0.9142085660429515 0.44290594588335086 0.029914867349399684 0.029795789253967277