2 0.6125 0.175 0.205 0.35
2 0.11125 0.43666666666666665 0.07 0.17333333333333334
2 0.176875 0.39916666666666667 0.05375 0.09833333333333333
2 0.3225 0.42833333333333334 0.055 0.15666666666666668
2 0.279375 0.38916666666666666 0.05375 0.07833333333333334
2 0.3575 0.8383333333333334 0.115 0.3233333333333333
2 0.47125 0.9458333333333333 0.0775 0.10833333333333334
2 0.47625 0.8375 0.0675 0.325
0 0.34808015792543434 0.5389608055148242 0.021393420110742058 0.05704073212215254
0 0.3433902627980814 0.7001003174333892 0.02963857557032128 0.060425049375085485
0 0.4892397445994841 0.7076846946528459 0.02911790191214479 0.049591716041751964
0 0.4844930104835746 0.9193854422884571 0.03224290191214479 0.04993183806211088
1 0.355 0.9841666666666666 0.0275 0.03166666666666667
1 0.10815378408268778 0.4108836295838454 0.014086243676633501 0.021428512485506795
1 0.17637567489110406 0.3685703872439534 0.013621450956072393 0.024693821414768374
1 0.2813998975932081 0.3675665115320795 0.014206399136212723 0.023928512485506797
1 0.32470836952380994 0.4278214311300767 0.016666347316352983 0.02336727676846048
0 0.07411575693614023 0.9186560022677673 0.04102456014765611 0.07741479757763842
2 0.658125 0.5933333333333334 0.19625 0.4866666666666667
0 0.6610943541011448 0.3791314854271822 0.0483326946327059 0.048367139234642975
1 0.662203579269104 0.6868016152042704 0.05294800555186427 0.0538433100631452
1 0.518125 0.5583333333333333 0.01625 0.03333333333333333
1 0.5473256508305656 0.5474653688957855 0.027731917334809956 0.033690358304346926
2 0.95 0.5566666666666666 0.1 0.31
0 0.9507254941380588 0.42889209344166507 0.036297487353267 0.04374134222394635
1 0.9259312726688823 0.5986201333591956 0.032771969154669595 0.03506788687025429