1 0.24683801331390942 0.04107024971013592 0.02847410129856435 0.029727764849895567
1 0.36817528863855054 0.04760031743338913 0.027838191882984233 0.02882640711249034
1 0.1067398285736882 0.033332783198063494 0.030392738960884885 0.033265171395444215
1 0.4027684769501532 0.03467499299066882 0.02472410129856428 0.029319618425464947
2 0.554375 0.37083333333333335 0.10625 0.11833333333333333
0 0.5516215688344556 0.35234636057211427 0.03334002499967049 0.0677039356783977
2 0.534375 0.11166666666666666 0.08875 0.22333333333333333
1 0.5334371146124738 0.11586686416700805 0.021061376623205418 0.03557813866770118
2 0.583125 0.09083333333333334 0.06125 0.18166666666666667
1 0.5722603172096025 0.06668301948205159 0.020370920129724652 0.03051011426362938
2 0.6475 0.1775 0.075 0.355
0 0.6475 0.008333333333333333 0.0225 0.016666666666666666
1 0.6409870788986588 0.21936977714215952 0.022969104869945838 0.0382822118799163
2 0.7625 0.1025 0.08 0.205
1 0.7602107665603203 0.10049169844098231 0.02102864837646507 0.03307813866770118
2 0.88 0.10333333333333333 0.07 0.20666666666666667
1 0.8817148464305956 0.14208979056830734 0.0204254672076253 0.03467678093029614
2 0.969375 0.115 0.06125 0.23
1 0.9695857665603203 0.12327987380501933 0.019164557792045116 0.033707398788819204
1 0.05775440422264083 0.4899131471718287 0.025360010714144465 0.030220976162870082
1 0.09234759253424357 0.47698782272910845 0.02472410129856428 0.029319618425464947
2 0.32375 0.525 0.115 0.19
1 0.30083576656032035 0.5197079736890737 0.0316318295453047 0.032567886870254296
2 0.7623679918856204 0.68025368179364 0.09281288538752619 0.41535674990337856
2 0.54625 0.5458333333333333 0.07 0.23166666666666666
2 0.611875 0.5808333333333333 0.06375 0.3016666666666667
2 0.658125 0.54 0.04875 0.22
2 0.7125 0.5641666666666667 0.0625 0.2683333333333333
2 0.85375 0.595 0.07 0.33
2 0.92625 0.5875 0.0825 0.315
2 0.97625 0.6041666666666666 0.0475 0.34833333333333333
0 0.7633762409107087 0.5076176329854964 0.025698202597128697 0.056054309496203415
0 0.78875 0.44083333333333335 0.0225 0.021666666666666667
0 0.99125 0.4375 0.0175 0.015
1 0.5335680275994354 0.5635540344285684 0.019756829545304767 0.031275423192890915
1 0.6088798178595437 0.6435196783919889 0.021072286038785606 0.03641147200103451
1 0.7005848500019772 0.570883216982393 0.019800467207625305 0.03460875652622424
1 0.7916307344178868 0.6442161377142739 0.021017738960884883 0.03224480533436785
1 0.8539748392878326 0.615117220384044 0.018485010714144465 0.02947270771808083
1 0.9111475568204287 0.6463754655586452 0.017925467207625303 0.034404683314008935
1 0.9897993720802074 0.662446540471686 0.01977864837646507 0.03294208985955758
1 0.767701600976889 0.7509339258343575 0.021697286038785533 0.03647949640510622
1 0.6480193935084964 0.5701691670403658 0.01850682954530477 0.0311393743847475