1 0.1538815493892332 0.5151099235356837 0.029782588382282284 0.03200824675057921
1 0.217972391380842 0.5036058624547283 0.03381674639067356 0.03738712409510091
1 0.3462014350321247 0.4814310736261507 0.026894386722608344 0.035859182296811315
1 0.6467417781034505 0.32553853056101756 0.026032588382282354 0.03162936940605751
1 0.7124141377715156 0.31974151036522147 0.026657588382282354 0.03169251563014465
1 0.8449708217547331 0.296291364634702 0.025312869046152 0.029899556515304085
1 0.9613722250740809 0.2761496873971098 0.024829948050347498 0.03233641029121714
1 0.99125 0.25416666666666665 0.0175 0.035
2 0.181875 0.78 0.32875 0.44
1 0.16712065544797197 0.7394666518179529 0.09372276514684699 0.09646676382034647
2 0.70375 0.8216666666666667 0.12 0.3566666666666667
2 0.5949894703850376 0.7732662506169593 0.11219303569227876 0.42146676382034626
2 0.635 0.5975 0.0825 0.075
1 0.5848395432502973 0.8933045320006401 0.025256185062934408 0.039836410291217136
1 0.6983728697248835 0.9664837556761783 0.02905354473099962 0.041048620969071976
0 0.6878008632465819 0.6809154396593957 0.033457255768760276 0.06386435208950692
0 0.49125 0.975 0.0425 0.05
0 0.5872030980997348 0.6030768119446984 0.03057837842423865 0.05694510052649226