2 0.05 0.41333333333333333 0.1 0.13333333333333333
2 0.10625 0.3233333333333333 0.08 0.31333333333333335
2 0.20687718936981653 0.20760811317043873 0.05916628590068939 0.3363489437845554
2 0.171875 0.0575 0.05125 0.115
0 0.0396398763207975 0.38748827785743817 0.027442257606617913 0.06604264351188022
0 0.09425355630170743 0.1978060007395495 0.03307453014003613 0.0670942045570024
0 0.1980826784213808 0.05956575011949056 0.019106354137490768 0.041560759039296236
0 0.101875 0.0125 0.02625 0.025
1 0.09940759312537907 0.43018476312188897 0.020937718936981754 0.03663350160989258
1 0.201179901909598 0.27118392173909306 0.01779817387014532 0.03484559732556534
1 0.1717090453532718 0.046417479441171944 0.014585903469127146 0.024724359707904854
1 0.7675 0.47333333333333333 0.0225 0.013333333333333334
1 0.798125 0.4666666666666667 0.02375 0.02666666666666667
1 0.42253127950348923 0.7982806313722894 0.025886811203054378 0.030994148464815983
2 0.905 0.74 0.19 0.52
1 0.9438489216740693 0.8392630576945436 0.07631589067472704 0.08210061701405039