2 0.885 0.36 0.195 0.36
0 0.8912139545251739 0.21818793610186907 0.053261877079742705 0.06821958591526946
1 0.9175 0.5208333333333334 0.05 0.03833333333333333
1 0.5861227217042125 0.4117778295876563 0.027064937551288182 0.027888893598877758
1 0.6222825244722455 0.39593656613851425 0.028340404349766004 0.028780428214697243
2 0.1475 0.9216666666666666 0.1075 0.15666666666666668
0 0.15000109128559566 0.7015874008334972 0.024729408304098685 0.05357672372599552
0 0.10204481578758597 0.7552672867148394 0.02402800790866536 0.05104762308475244
0 0.20219761657845253 0.7549233893137393 0.028109076288876336 0.06205556026554442
0 0.1456865679699051 0.6379630610877327 0.02402800790866536 0.05104762308475244
0 0.0933669624338394 0.6705768085057967 0.02405347470714304 0.05188095641808578
0 0.29740135096627457 0.7526800201160272 0.022854408304098683 0.0534894218022661
0 0.289375 0.86 0.08875 0.28
0 0.01694082171908498 0.7137513982232885 0.023479408304098684 0.05351852244350928
2 0.83125 0.8908333333333334 0.3375 0.21833333333333332
0 0.7772623470119419 0.8410159732713521 0.07940788301124173 0.1068836115649943