2 0.565625 0.15166666666666667 0.06875 0.30333333333333334
2 0.06125 0.19666666666666666 0.085 0.3933333333333333
2 0.171875 0.41833333333333333 0.10625 0.36333333333333334
2 0.419375 0.3775 0.09875 0.445
2 0.33125 0.20833333333333334 0.085 0.4166666666666667
2 0.165 0.12416666666666666 0.085 0.24833333333333332
0 0.0575 0.011666666666666667 0.035 0.023333333333333334
0 0.1713630306439611 0.27643474202371665 0.03319246780297846 0.07708028383097959
0 0.21236304654017382 0.11549667376982739 0.03154960914619636 0.06196373914440698
0 0.33125 0.0225 0.03 0.045
0 0.4202162104617663 0.20169222741569154 0.034398816841113844 0.07553016185088533
0 0.3527261142752978 0.37424440075427035 0.04131746780297846 0.07783782429370092
0 0.06787690128164281 0.46647510559627886 0.04356350097882828 0.09217930799022649
1 0.05796223833887858 0.2737069751684824 0.025640877894075872 0.05060595472149733
1 0.16601780566940647 0.14725055482972438 0.022166670199158318 0.036981259671732686
1 0.41459713155493494 0.5114591380425465 0.02950000529873762 0.055122255447881796
1 0.3166388229490436 0.2761906193713518 0.02566270337500825 0.05143928805483067
1 0.5794681965232101 0.16772438555431515 0.020851193756361113 0.03436471498516028
1 0.5225237638537381 0.05665186384312932 0.022857146641955525 0.03953953201501899
1 0.44205549844693953 0.17721096774395875 0.020269844718226012 0.03597310930854064
1 0.20375 0.009166666666666667 0.02 0.018333333333333333
2 0.513125 0.09333333333333334 0.07875 0.18666666666666668
2 0.28375 0.15083333333333335 0.07 0.3016666666666667
1 0.604375 0.0425 0.00875 0.03833333333333333
1 0.73625 0.02 0.03 0.04
1 0.859375 0.008333333333333333 0.03125 0.016666666666666666
2 0.270625 0.8441666666666666 0.09625 0.31166666666666665
2 0.08 0.8775 0.1 0.245
2 0.2375 0.7258333333333333 0.065 0.25166666666666665
2 0.295 0.6891666666666667 0.07 0.17833333333333334
0 0.07141066432618864 0.8028797408398566 0.02617857597034643 0.04733089373145049
0 0.08415074461644444 0.7925476273074646 0.023446434627128667 0.06203953201501899
0 0.26619440087704666 0.7215402534310692 0.024434528855940555 0.052156076701591586
1 0.29056345329019023 0.6718841767294778 0.020138891832631886 0.030973109308540643
1 0.114375 0.6108333333333333 0.02875 0.021666666666666667
2 0.06125 0.7316666666666667 0.0775 0.2633333333333333