2 0.12 0.1625 0.0725 0.325
2 0.36625 0.35583333333333333 0.0675 0.465
1 0.12231011814531315 0.21713280747620975 0.023493205140632512 0.03407223337849132
1 0.5007460090652204 0.2859289178346891 0.06375954308735399 0.06599030845751751
2 0.865625 0.3 0.26875 0.6
1 0.7109019723196711 0.11104337102265117 0.03034273834215483 0.03371930468858575
1 0.77790430631206 0.11154973134205567 0.0280464727299767 0.04021127875764231
1 0.9148047731105377 0.12028081772787737 0.03299553913302134 0.03889399728619589
2 0.070625 0.7558333333333334 0.08875 0.31166666666666665
1 0.07236105174226865 0.8307140057272175 0.0242964727299767 0.039949239861227094
1 0.6271488098560869 0.9776120609064571 0.02656727154367701 0.03262393245883724
1 0.69375 0.9841666666666666 0.0275 0.03166666666666667
1 0.993125 0.9858333333333333 0.01375 0.028333333333333332