2 0.47 0.48833333333333334 0.125 0.3233333333333333
2 0.465625 0.11333333333333333 0.13875 0.22666666666666666
0 0.4628460845762581 0.3802901901567448 0.03929620217082686 0.07946943241561315
1 0.9160277580274351 0.25959406053395195 0.029533459068231734 0.03736134124199869
2 0.325625 0.8133333333333334 0.18125 0.32666666666666666
1 0.32726712754337955 0.7982726228458952 0.053018762550802595 0.04778436996690137
1 0.19465736906328296 0.675199592031845 0.02604815558566088 0.028024895918813682
1 0.5340952211663728 0.6742955856652528 0.025554175033868205 0.03132427352084335
2 0.504375 0.6916666666666667 0.10625 0.08333333333333333
2 0.605 0.8625 0.075 0.275
2 0.74125 0.8608333333333333 0.075 0.2783333333333333
2 0.715 0.75 0.095 0.2
2 0.615 0.7325 0.1 0.165
0 0.7287588362729269 0.7549010429010107 0.024795497964646956 0.04375636205823601
0 0.6028717973765118 0.7550594782263829 0.025319575757477324 0.05708969539156934
1 0.5989535712341097 0.9740719261857896 0.021146420171816515 0.03025325006838424
1 0.7450397969238503 0.9619596183940629 0.021277439620024124 0.03358658340171758
0 0.6346821510622932 0.942901871372206 0.021899781999010274 0.04941991673505091