2 0.398125 0.2991666666666667 0.13375 0.32166666666666666
0 0.398985099998682 0.1664715883014746 0.039898651947846704 0.04213921107213158
1 0.3549356386339372 0.3848516014825837 0.043001833116686046 0.040642323061983156
1 0.07846745032233443 0.38319336805214155 0.027256829545304697 0.03062676311272469
1 0.1144883525951515 0.36372393563652833 0.026620920129724654 0.02975947404808778
1 0.5837700749990113 0.11480622815799853 0.02859410486994591 0.03736134124199869
1 0.6544168938301718 0.11263589718734987 0.033012742532266375 0.040932364694457796
1 0.7999327996743704 0.09639087846026015 0.03425183311668633 0.0401669428237318
1 0.9317532525964697 0.08505955248851796 0.026072286038785534 0.03555885165011735
1 0.9665132454537066 0.06482469820217879 0.029208195454365864 0.036561963639969074
2 0.111875 0.5258333333333334 0.06375 0.13166666666666665
0 0.031875 0.9675 0.04625 0.065
1 0.11854697954332756 0.4896902560622898 0.019767738960884886 0.031052627670414
2 0.8525 0.765 0.295 0.47