1 0.20086059304051596 0.22024107293066103 0.027424667386477922 0.03266081513148265
1 0.26908031237664637 0.2192647595323293 0.03054966738647792 0.032782052749143226
2 0.52375 0.12833333333333333 0.0775 0.25666666666666665
2 0.591875 0.08416666666666667 0.05625 0.16833333333333333
2 0.74625 0.10416666666666667 0.0625 0.20833333333333334
2 0.7 0.06583333333333333 0.0575 0.13166666666666665
2 0.759375 0.035833333333333335 0.05625 0.07166666666666667
2 0.7875 0.4741666666666667 0.125 0.17166666666666666
2 0.936875 0.46166666666666667 0.12625 0.19666666666666666
0 0.774104594860584 0.24036341331985567 0.0226428170964995 0.05825167322949502
0 0.7706409671458867 0.41087261131402975 0.031582255768760205 0.06192447189227778
0 0.9232923704652347 0.3965986347153328 0.030919220415847378 0.050257805225611116
1 0.5216978380121068 0.14158360425816843 0.014933991701630234 0.02136677885103945
1 0.5924641789239985 0.08622239648138105 0.014498430373891012 0.024675864660840718
1 0.6152002391720208 0.03439491468323174 0.015123430373891083 0.024700112184372784
1 0.7023314242349552 0.06859725148286659 0.015076070705825942 0.023866778851039452
1 0.7481466009995199 0.12528175321601737 0.017576070705825942 0.023963768945167867
2 0.090625 0.6541666666666667 0.09625 0.18833333333333332
1 0.0792474119570835 0.615159113293697 0.02362730771841285 0.031681996656956715
2 0.138125 0.9116666666666666 0.12625 0.17666666666666667
2 0.206875 0.7916666666666666 0.10875 0.4166666666666667
0 0.13138154938923322 0.8712042618817711 0.04479265078973839 0.07490942236291971
0 0.19796943901162664 0.6431248263931949 0.03320180879812966 0.07944871941580971
1 0.376875 0.68 0.01375 0.03333333333333333
1 0.5112178693855178 0.6675788554945186 0.029687869046152 0.028591138558944258
1 0.6359337113771265 0.6577293507880992 0.02838118506293455 0.0385183959883481
1 0.6693615180158222 0.6397290703271672 0.02925230771841271 0.03190022436874557