2 0.336875 0.4166666666666667 0.10625 0.4066666666666667
2 0.089074874845722 0.35083333333333333 0.09258123735195284 0.4083333333333333
2 0.338125 0.1125 0.14875 0.225
0 0.09287444879069867 0.185 0.027983659088108227 0.0525
0 0.35408567534548185 0.25166666666666665 0.03149686074778231 0.04833333333333333
1 0.0772177853837227 0.4275 0.024053544730999618 0.03833333333333333
1 0.3780079415720459 0.11666666666666667 0.013437869046151718 0.0275
1 0.8391580555897886 0.5316666666666666 0.0603889397519778 0.050833333333333335
0 0.8748728791645898 0.18916666666666668 0.060616413777151476 0.06583333333333333
2 0.87875 0.3858333333333333 0.225 0.4683333333333333
1 0.7740849372531781 0.335 0.029062869046152004 0.0275
2 0.62375 0.6741666666666667 0.0925 0.10833333333333334
1 0.61125 0.6266666666666667 0.0225 0.013333333333333334