2 0.035 0.32916666666666666 0.07 0.4083333333333333
0 0.010625 0.155 0.02125 0.05333333333333334
1 0.02437046541036963 0.3932119467430268 0.030913701149888766 0.042936352005090724
2 0.11473906288433283 0.22894948062801992 0.10669990827548105 0.37960360250370834
0 0.10345138201711081 0.06643978391679566 0.03599954654103698 0.05383756231699365
1 0.12644123845462893 0.3406840242732562 0.028765299076370356 0.03874059520475119
2 0.178125 0.165 0.09375 0.33
0 0.166875 0.021666666666666667 0.03375 0.043333333333333335
1 0.19160641334614767 0.21099490286438288 0.02517934032048146 0.04118241493740584
2 0.138125 0.0175 0.06125 0.035
2 0.11375 0.07416666666666667 0.075 0.14833333333333334
1 0.12302158823766632 0.07923068525352278 0.023249659905777664 0.04031999147039983
2 0.7575 0.25083333333333335 0.23 0.5016666666666667
1 0.7954164760042213 0.4015972666241877 0.05798390737044429 0.05584361387650858
1 0.075 0.65 0.0725 0.04
2 0.94875 0.7866666666666666 0.1025 0.31333333333333335
1 0.5473872382283698 0.6605259577339131 0.029413814514629592 0.029593321960533103
1 0.6889341557401475 0.6577271111818149 0.029468494929333247 0.030426655293866435
1 0.8131997949107401 0.6579900900487715 0.030202855758740696 0.03210301867175739
1 0.8475 0.6433333333333333 0.03 0.02666666666666667