2 0.5 0.2775 0.1375 0.425
0 0.5356510764785241 0.09620028529594507 0.04524220800155177 0.05564967965202385
1 0.5122843842287879 0.35525059142792087 0.04890295175879828 0.04405088996392692
1 0.11968203817159086 0.22821136291107574 0.026530549091614404 0.02538786844896947
1 0.18375092835326798 0.23421012416717218 0.027155549091614405 0.025397565160193758
1 0.3171948185349451 0.24128522036915892 0.02543360400077589 0.027868475026520987
1 0.4254601962311153 0.271325174877958 0.025586658909937228 0.03036847502652099
2 0.64375 0.21166666666666667 0.15 0.42333333333333334
0 0.629375 0.01 0.05375 0.02
1 0.6467744074989759 0.2826712662422738 0.048482024971013685 0.04737452658603596
2 0.080625 0.7241666666666666 0.12375 0.14833333333333334
1 0.04316457889441999 0.6755659122427121 0.04036980533436776 0.03725816605134507