2 0.03375 0.07583333333333334 0.0675 0.15166666666666667
1 0.052552526314192105 0.04997220233788823 0.01814438672260849 0.03472179642180398
2 0.906875 0.4216666666666667 0.18625 0.15666666666666668
0 0.9137745533687353 0.38944553731512505 0.06988737012586882 0.08060725478036185
2 0.316875 0.75 0.04625 0.5
1 0.03029006274682189 0.5886806300578341 0.032131185062934546 0.04006331647102267
1 0.1642861854023002 0.5934954850842896 0.03203646572680384 0.038396649804356
2 0.29125 0.5908333333333333 0.0925 0.18166666666666667
1 0.31811225610812616 0.6298590104786544 0.026799667386478064 0.0338027637258521
2 0.7475 0.7316666666666667 0.1875 0.4633333333333333
0 0.736875 0.535 0.05625 0.07
1 0.7606424433304945 0.7932211137098581 0.05054034307132554 0.046611986838932085
1 0.3717682748642995 0.6812119547582142 0.028579948050347498 0.0322963043386244
1 0.5305842831626693 0.6740496426036682 0.02651550937808679 0.0288027637258521
1 0.4965314765239735 0.6877257733874751 0.026610228714217213 0.030469430392518763