2 0.363125 0.18833333333333332 0.08625 0.37666666666666665
2 0.43625 0.049166666666666664 0.085 0.09833333333333333
0 0.37 0.008333333333333333 0.0225 0.016666666666666666
0 0.354375 0.0175 0.02125 0.035
1 0.346264596308238 0.255298920777469 0.025179100100840658 0.03970486450195343
1 0.432789379883423 0.025363214716183885 0.02170446604112307 0.032965468398085895
1 0.2115399622485205 0.7383718883067697 0.04459780435830538 0.040989120345932405
0 0.201875 0.48 0.04375 0.04
2 0.205625 0.6791666666666667 0.15875 0.43833333333333335
2 0.944375 0.6108333333333333 0.11125 0.3016666666666667
1 0.9698089242338601 0.6217962822441664 0.04986002990309345 0.046105487445453834
1 0.5663645628535643 0.4872541800834075 0.02693612772394076 0.02559638138504738
1 0.632352337308776 0.49379604415206674 0.02760483198140548 0.026444260605820964
1 0.7695464075065231 0.5028294727222399 0.025860944753799516 0.028900622943500404
1 0.8805167584952589 0.5346143991281392 0.02599205752619355 0.031400622943500406