2 0.168125 0.09416666666666666 0.07375 0.18833333333333332
2 0.39 0.08333333333333333 0.125 0.16666666666666666
1 0.16853954810141636 0.1585944266480366 0.02053824034947226 0.03145400688948143
1 0.43887517507688867 0.05942079240396225 0.017471428495360895 0.03469035997966671
2 0.91 0.1625 0.09 0.325
2 0.763125 0.44416666666666665 0.13875 0.21166666666666667
2 0.753125 0.17166666666666666 0.07625 0.3433333333333333
2 0.84125 0.07666666666666666 0.0575 0.15333333333333332
2 0.710625 0.0425 0.05125 0.085
1 0.7422012207459718 0.24739465866396262 0.02127961664125003 0.03814006960477779
1 0.9116203844236941 0.20382439220062906 0.021904616641249958 0.03815946565340748
1 0.8233379798640276 0.03665621530055508 0.019331881458888915 0.03391521479222225
0 0.7596991304727496 0.39010731844114777 0.03276289179311121 0.08763646909814819
2 0.059375 0.8783333333333333 0.07875 0.24333333333333335
2 0.205625 0.9266666666666666 0.07875 0.14666666666666667
2 0.12887674278180536 0.7968751458974072 0.07510653237005577 0.33048629473122226
2 0.578125 0.9308333333333333 0.09125 0.13833333333333334
2 0.43375 0.8758333333333334 0.1025 0.24833333333333332
2 0.289375 0.825 0.07375 0.35
2 0.521875 0.7033333333333334 0.07375 0.30666666666666664
2 0.22625 0.6558333333333334 0.05 0.21166666666666667
2 0.279375 0.6466666666666666 0.05375 0.19333333333333333
0 0.2275 0.5558333333333333 0.02 0.011666666666666667
0 0.13004155083619437 0.6585806046613332 0.022645992933027798 0.04484552836870374
0 0.2091832756843332 0.7052645771034071 0.027602351823611145 0.04250069675774076
0 0.2047329276604442 0.8886367025339996 0.03223919848011114 0.057636469098148194
0 0.2970033104867221 0.6842157969619255 0.021497822188333373 0.050640069604777786
0 0.40171236975727764 0.6976239274588143 0.02074189886008341 0.043120673556148195
0 0.4313912898182776 0.7866541250273328 0.028431010334222292 0.05418675947303711
0 0.5175425959728055 0.5749271799415548 0.023939634042444452 0.04738432046596299
0 0.06253946056297205 0.8039311270521481 0.022079181078916682 0.04815946565340747
0 0.05973449536536094 0.7856947739619629 0.021468728115388913 0.04897340293811112
1 0.12604163837463866 0.8519333340432961 0.01792186405769442 0.024709756028296396
1 0.33359982652052755 0.8421605125649254 0.019273693312999995 0.030581881458888915
1 0.7776823180861663 0.6686173064853701 0.031860975531833306 0.035969802431481526
1 0.9059382414144165 0.6571411165162959 0.02866324034947226 0.03170615552166661
1 0.9462582762168052 0.6375664360706662 0.026919163677722225 0.03914796737577774