2 0.21875 0.26 0.4375 0.52
1 0.01125 0.43166666666666664 0.0225 0.1
2 0.534375 0.36833333333333335 0.11875 0.30333333333333334
0 0.5136440032883995 0.2484421584580746 0.03377170653745793 0.06095040638285184
2 0.856875 0.42916666666666664 0.12375 0.18166666666666667
0 0.8570746419081036 0.3838966286694453 0.03902079168675186 0.07775284538992612
2 0.7150905268557162 0.31792403920700074 0.10155933932558839 0.40166875693988896
0 0.7223811540754539 0.14759500313803778 0.029322438418022897 0.04750069675774076
0 0.6993567029858775 0.1368967453873711 0.02295446604112328 0.03315946565340747
1 0.7112748248782448 0.37604401600540804 0.025804100100840513 0.03990371651459251
2 0.7823722967509414 0.19687943961196377 0.09171673288897125 0.38056387892574073
0 0.7676873750602556 0.03585214579233413 0.025253368220275546 0.05319825775066666
1 0.7831981033892401 0.295910333938223 0.024554100100840515 0.03986492441733333
0 0.480625 0.006666666666666667 0.03125 0.013333333333333334
2 0.48125 0.1675 0.0825 0.335
1 0.495982326654035 0.23291846514507455 0.022329466041123 0.033140069604777785
2 0.5598460159599529 0.2132689875358895 0.08853060516503035 0.3555056907798519
0 0.5553359112991259 0.05588536382766724 0.02246057881351703 0.03564006960477779
1 0.5591727374489577 0.2956138191468525 0.025672987328446483 0.03740371651459251
2 0.629375 0.17583333333333334 0.09875 0.3516666666666667
0 0.630625 0.0175 0.02625 0.035
1 0.639561792695158 0.2698213681840006 0.02263539584337593 0.03897340293811112
1 0.07697438418022863 0.6388030190468891 0.029873170298587725 0.034206155521666615
1 0.20479345437797578 0.6369458756826298 0.029873170298587867 0.034206155521666615
1 0.2420443692286819 0.6214623679823708 0.03004798732844648 0.03753948885499994
2 0.80625 0.76 0.3875 0.48
1 0.445 0.67 0.01 0.03666666666666667
1 0.47141479497515126 0.6598344934129634 0.026166874556052447 0.0349231125632222