2 0.296875 0.2375 0.24625 0.245
0 0.28550830038056085 0.15226730084480636 0.07078734387822053 0.06986773720341015
1 0.06478994068500953 0.3088942462825956 0.025164470752810503 0.026968258341815196
1 0.1302876066926207 0.31611648027979017 0.026414470752810358 0.02702645962430135
2 0.478125 0.11083333333333334 0.07625 0.22166666666666668
1 0.477442741475876 0.14891010651421283 0.020342738342154762 0.032568786545203544
2 0.21934637073793795 0.5773440528307355 0.1356822585241241 0.37579102760738153
1 0.22438776124753956 0.6376641598844099 0.04134974031932103 0.04602910770622657
1 0.044550105125760096 0.5625292066159945 0.027715404349766003 0.028751327573454263
1 0.1676241715288046 0.5699286996075563 0.02706493755128804 0.02788889359887785
1 0.48751385253313523 0.8252593212741137 0.034933142691920695 0.06070900065255235
2 0.465 0.4483333333333333 0.05 0.17666666666666667
1 0.4592678434679149 0.4592593142091303 0.015189937551288182 0.02733598141525846
2 0.593125 0.4483333333333333 0.05625 0.17666666666666667
1 0.5938720446542146 0.45801595207640183 0.015113537155854999 0.024835981415258505
1 0.63625 0.36333333333333334 0.0125 0.006666666666666667
2 0.772144556106907 0.604846672652727 0.07851758065351447 0.3023968378446533
0 0.7780178434679149 0.47410064124312307 0.021095072334543517 0.03676455385311329
1 0.7618410813997639 0.6552725970086567 0.019794138737588014 0.035039685903960276
0 0.9664601150115919 0.4519975002827267 0.017970072334543376 0.03661905064689762