2 0.54125 0.1725 0.1625 0.345
1 0.5348035382190467 0.1815536161706793 0.04972998824054315 0.04532030376637522
1 0.20600483763091149 0.1183878361323022 0.02923866530976454 0.030955588781214943
1 0.2759393279068077 0.1135280003509079 0.02983091044771271 0.030180527791167908
1 0.4187013668032229 0.09357523941497428 0.02808692989592032 0.03333904409464253
2 0.7279205653560049 0.3481067312082941 0.1138198941648882 0.37676530258251506
0 0.7298044016289319 0.2051230319346783 0.03755222161903436 0.08403831221407757
1 0.7138695929456249 0.5154726659943959 0.032560194482076026 0.03624695049764625
2 0.7775 0.135 0.09 0.27
1 0.7739748995935788 0.15866051259121272 0.02308692989592032 0.03287286534835242
2 0.88 0.1125 0.075 0.225
1 0.8737376426961739 0.10784508802860344 0.022658459068231735 0.037814593005066115
2 0.935625 0.04583333333333333 0.06625 0.09166666666666666
2 0.293125 0.9116666666666666 0.15875 0.17666666666666667
0 0.3131728371782499 0.8563776344106255 0.04281957575747725 0.059621035646940185
2 0.831875 0.83 0.32375 0.34