2 0.06125 0.04583333333333333 0.0625 0.09166666666666666
1 0.068125 0.0033333333333333335 0.01875 0.006666666666666667
1 0.9925 0.3575 0.015 0.041666666666666664
0 0.745625 0.48 0.04625 0.04
0 0.7227961944528905 0.35109772770654246 0.03649725776696556 0.06032914766370955
0 0.7342639463661236 0.2589641726308611 0.0315190746287567 0.06482397787101396
0 0.9103066861791084 0.2292714078233799 0.03528725534691603 0.06936952188220231
0 0.9531080693958739 0.15946183061871247 0.03280907220870688 0.07411693698585452
0 0.8350525728295567 0.3066307147088594 0.03966589149054783 0.0706448787841443
0 0.6007252594014484 0.4370544011188343 0.03733315409761275 0.10872562722112984
2 0.100625 0.8575 0.10125 0.285
0 0.09670898750696814 0.7620226474169258 0.035352705932289154 0.08436952188220231
2 0.14 0.6675 0.0775 0.335
0 0.141875 0.5116666666666667 0.02875 0.023333333333333334
1 0.13964490803811208 0.7230464035455918 0.02263817345801016 0.03393993073379676
2 0.241875 0.655 0.06375 0.31
0 0.238125 0.505 0.02125 0.01
1 0.23821310085651973 0.6913568402846626 0.021406354176169415 0.03798030495228943
2 0.29375 0.5925 0.055 0.185
1 0.2958035877426382 0.5747294391247486 0.01763453731437835 0.032601427607767824
2 0.4345358237291566 0.7278514213146303 0.07538990077796313 0.383284587775593
0 0.4338304118645783 0.5661847546479637 0.02457135175611967 0.04746270273939089
1 0.4379226260706497 0.7881671524350651 0.024542262607064914 0.040796036072724175
2 0.565625 0.7125 0.02625 0.365
1 0.574375 0.77 0.00875 0.04
2 0.4475 0.5783333333333334 0.06 0.15666666666666668
2 0.369375 0.5708333333333333 0.05625 0.14166666666666666
1 0.36937541670467766 0.5413473602336749 0.020766809601641966 0.03458382539486924
1 0.58875 0.535 0.02 0.03333333333333333
1 0.7348994380923414 0.542748025460719 0.028252265027114733 0.03200824675057921
1 0.8667453489432866 0.5494052120763979 0.027627265027114732 0.03194510052649245
1 0.9035403537833859 0.5347975059641944 0.026373628883482922 0.030985474744985027