2 0.315625 0.31333333333333335 0.22875 0.3933333333333333
0 0.390625 0.19583333333333333 0.07875 0.12833333333333333
1 0.011875 0.33666666666666667 0.02375 0.04
1 0.27260537496985404 0.35472583937645086 0.026601692605424603 0.03938764282953675
1 0.609888711999201 0.2469534666925288 0.06982357047816791 0.07477861123567739
2 0.628125 0.23666666666666666 0.24375 0.47333333333333333
1 0.7786918571084047 0.048466356397492326 0.028883279977412146 0.03465974044582367
1 0.84 0.015833333333333335 0.03 0.03166666666666667
2 0.02 0.6533333333333333 0.04 0.2866666666666667
0 0.23438641319270978 0.8545225913671406 0.04209899362952406 0.08088417971911535
0 0.411875 0.8316666666666667 0.03625 0.09666666666666666
1 0.13861580477403485 0.8474481908774957 0.04074595153614926 0.06414948864837697
0 0.00375 0.9283333333333333 0.0075 0.08333333333333333
2 0.460625 0.865 0.06125 0.27