0 0.23470645342192753 0.2653516949789149 0.02865310919158361 0.05306210322340737
2 0.241875 0.3433333333333333 0.09875 0.21333333333333335
2 0.2975 0.13416666666666666 0.06 0.2683333333333333
0 0.23293769586563343 0.1239351038887421 0.02121738371354752 0.04059345714108635
0 0.29375 0.015 0.0175 0.03
0 0.20814539049833938 0.17040344766508772 0.02615310919158361 0.0527704743449876
2 0.37875 0.06833333333333333 0.0825 0.13666666666666666
2 0.6425 0.21416666666666667 0.105 0.42833333333333334
2 0.446875 0.2325 0.12625 0.435
2 0.51875 0.07333333333333333 0.08 0.14666666666666667
2 0.58 0.11666666666666667 0.08 0.23333333333333334
0 0.4458092011074208 0.06578309217703729 0.04110466378737556 0.0793744331762961
0 0.4262181128903665 0.050470308765185434 0.030303627390180984 0.061541250995950536
0 0.5248366896936153 0.25852372413422275 0.0378837310299005 0.06408280429787643
0 0.7951580623034343 0.16832993583353206 0.044189611967515814 0.07890563594098751
0 0.82125 0.015 0.0325 0.03
1 0.6609936310889637 0.031463434746667455 0.024767124614248813 0.03686423379204939
1 0.5877307304097465 0.15481641108355623 0.026521969154669735 0.0345829554508642
1 0.457727856256923 0.36607472105545713 0.028212539173126744 0.04389543655674061
1 0.6504365089405701 0.3218068163112601 0.028957694632705967 0.04646834377634567
1 0.5209377501513484 0.03355507805190181 0.026017124614248887 0.037010048231259134
1 0.37875 0.0125 0.0225 0.025
2 0.785625 0.2783333333333333 0.13375 0.3433333333333333
2 0.35125 0.15583333333333332 0.0425 0.31166666666666665
1 0.12966927575489137 0.5074418267542723 0.027892124614248816 0.03722876989007404
1 0.19724937939461085 0.5012345137036058 0.029727072794389072 0.036614158215555505
1 0.32375 0.4791666666666667 0.0125 0.045
2 0.41636801048357464 0.7566186928051858 0.11387927822074659 0.4814777873956541
2 0.561875 0.5958333333333333 0.09125 0.2916666666666667
2 0.7025 0.57 0.0925 0.24
0 0.39722036643780084 0.5543789677659267 0.03465440468807692 0.07447869431358015
1 0.5561696674861584 0.605391736750964 0.021642124614248814 0.036499697694024655
1 0.40615744169804524 0.9103267616207908 0.027122746452565565 0.047082955450864196
1 0.7080688901882624 0.5751023751673595 0.021722228253968297 0.03816636436069132