1 0.10295763726748326 0.09475664816045253 0.027625704206179835 0.037242901912144744
1 0.1699636567156909 0.0923759218604646 0.02795591044771271 0.029796304338624395
1 0.3098981469915871 0.07874711166235898 0.02792315558566088 0.028962971005291063
2 0.55 0.1875 0.34 0.345
0 0.4837915911349788 0.09611056467577078 0.12580292582521424 0.12619340407038307
2 0.241875 0.6258333333333334 0.27625 0.5316666666666666
1 0.20383490908972818 0.6364709405783168 0.0809746729985153 0.07917530330995476
2 0.614375 0.8383333333333334 0.11625 0.3233333333333333
2 0.468125 0.7958333333333333 0.09875 0.4083333333333333
2 0.8981028082306456 0.7349545671465461 0.09220161781927573 0.41234842936384913
2 0.68625 0.5258333333333334 0.0875 0.33166666666666667
2 0.53875 0.4775 0.065 0.235
2 0.426875 0.9283333333333333 0.09375 0.14333333333333334
2 0.399375 0.55 0.03875 0.35
0 0.40203073405585976 0.8935632440900694 0.03064712437799642 0.06656977585825037
0 0.45730519764745914 0.6246226559763741 0.031831614653892545 0.06500991404454301
0 0.46564001492484 0.549494745633074 0.03215916327441157 0.07334324737787634
0 0.383125 0.39666666666666667 0.00625 0.043333333333333335
1 0.544594516960193 0.5001058326172007 0.01742917503386849 0.031388463088470646
1 0.4625548118486902 0.9017699444813574 0.023381723654387444 0.04020241826012068
1 0.6075 0.9908333333333333 0.0275 0.018333333333333333
1 0.6915518358202654 0.5853766769533635 0.02186968475797215 0.0334289467404947
1 0.9130815472625344 0.8607667949895385 0.02584896879233554 0.039582694632705966
0 0.8951380615100057 0.5638008192543349 0.028807536861062317 0.05146297100529106
1 0.5694086182719371 0.4294227925187632 0.016509381275401438 0.023835060661990943
1 0.604375 0.37083333333333335 0.01375 0.021666666666666667
1 0.412208727272432 0.418606732472006 0.017232645861557004 0.026388463088470596
1 0.3875 0.6091666666666666 0.015 0.028333333333333332
0 0.6035064970593239 0.7066135694056833 0.03304885979184064 0.06428338556416899
2 0.449375 0.4658333333333333 0.06375 0.21166666666666667
2 0.41 0.43 0.0575 0.14