1 0.3208092011074208 0.270920873830592 0.04083269463270582 0.04755084638578201
2 0.30125 0.17583333333333334 0.1375 0.3516666666666667
1 0.07633179086747958 0.1777395295193346 0.02527196915466959 0.03425159402139324
1 0.11002590992986427 0.1598315206287216 0.029062020974529333 0.0354930737791571
2 0.5266447698929502 0.1999340386031904 0.08037150524178728 0.3527718225486521
2 0.5675 0.058333333333333334 0.0725 0.11666666666666667
0 0.5196757532373575 0.05493403860319039 0.02365310919158375 0.05231282973843956
1 0.5295359364562578 0.2993047784820723 0.022972228253968295 0.03814616307177289
1 0.5732012714359547 0.05748529759042479 0.01686660641565169 0.027533943435127148
0 0.970625 0.7691666666666667 0.05875 0.09166666666666666
1 0.72 0.99 0.03 0.02
1 0.842565961749724 0.9788967695914592 0.02569671005537103 0.030152951758798282
1 0.8755549771723891 0.9593901184382514 0.02757171005537117 0.030357024971013592