1 0.2239677227490644 0.2881301169380676 0.0340748909995051 0.027513416543274806
0 0.2352522718222449 0.08033925065803894 0.02871192989592032 0.03361176719315893
2 0.22595161781927559 0.22685476003612565 0.12537266078639703 0.33886632033565034
1 0.0403239601982618 0.2615056681473689 0.029896420171816516 0.03207139297466616
1 0.07608263726748327 0.24534318715032602 0.02617917503386849 0.032525848963477794
2 0.637142286747085 0.21254284081930971 0.09410937268132756 0.414559944677535
2 0.575 0.3466666666666667 0.105 0.22666666666666666
2 0.709375 0.34833333333333333 0.10625 0.22333333333333333
2 0.77 0.2575 0.1 0.405
0 0.5725273722286661 0.2767994867966129 0.031206614653892545 0.0654047263079995
0 0.6263172365438744 0.03292171816383141 0.02624202713695837 0.049962702739390845
0 0.7027867535040673 0.286228218410615 0.03544793758467108 0.07828360365252138
0 0.7764349678870126 0.10058235550339902 0.02989110492978881 0.06361176719315892
0 0.7566341546803378 0.09170655511676103 0.02709631117132176 0.055859182296811125
1 0.6226229791938078 0.2901442684270775 0.02219723337849132 0.04208382539486934
2 0.415 0.6808333333333333 0.165 0.44166666666666665
0 0.4202690809582135 0.4904167975484725 0.0456497819990102 0.05275356901941961
1 0.43960155902199133 0.7428029375205017 0.05140580144721781 0.056655218369535305
1 0.12037352419628228 0.6830251140177428 0.02733091044771271 0.030152141411651692
1 0.23889424016191896 0.6651939981078897 0.02670591044771271 0.030088995187564933
1 0.27205465264498474 0.6467841020071946 0.02608091044771271 0.030025848963477982
0 0.682352967434351 0.7477283429992834 0.04432364179085084 0.1140413583415644
1 0.6486056250553649 0.7352417595425582 0.023348968792335542 0.039710117843043236
0 0.635625 0.4666666666666667 0.02375 0.013333333333333334
2 0.63875 0.6475 0.0725 0.375
2 0.523125 0.5958333333333333 0.02625 0.27166666666666667
2 0.655625 0.49333333333333335 0.06625 0.06666666666666667