2 0.15125 0.37083333333333335 0.1025 0.21833333333333332
0 0.14737109146196303 0.2970752297779997 0.03532143462712867 0.06209590868464867
2 0.010625 0.215 0.02125 0.42333333333333334
2 0.026875 0.07416666666666667 0.05375 0.14833333333333334
1 0.01754566881573396 0.04888808183125515 0.02029167019915839 0.03620320683748351
2 0.183771878468308 0.22887429589348918 0.08655162700006556 0.3980685344356878
1 0.17865085588993332 0.32017338671229995 0.02477579760382014 0.04064156537067864
2 0.255 0.16 0.075 0.32
1 0.25114092558271395 0.21968247852419173 0.024150797603820138 0.04060275224688894
2 0.305 0.09166666666666666 0.0725 0.18333333333333332
1 0.30126789574794516 0.07801121654493647 0.02029167019915832 0.03620320683748351
2 0.175625 0.02 0.06375 0.04
2 0.145 0.04666666666666667 0.0525 0.09333333333333334
1 0.14758138083056072 0.018276138959188917 0.01895436827542902 0.03279224725657059
2 0.656875 0.33666666666666667 0.32625 0.2866666666666667
0 0.5859682866017488 0.2601092993692726 0.0763472322309488 0.10374661527386195
1 0.37875 0.45416666666666666 0.0175 0.028333333333333332
1 0.11001194816108864 0.7859404585629185 0.023910717313564332 0.031436085580222276
1 0.14392861306150947 0.76630573675448 0.023176589908902655 0.027230605789765813