1 0.21852673829558086 0.2748516860202587 0.03708653956185742 0.03945830415385179
0 0.250625 0.025 0.01875 0.05
2 0.221875 0.17833333333333334 0.07625 0.3566666666666667
1 0.9675 0.31666666666666665 0.065 0.07666666666666666
1 0.5668584685146522 0.20483159321388825 0.06245025241483887 0.056900812765703676
2 0.606875 0.21416666666666667 0.21875 0.42833333333333334
1 0.49 0.004166666666666667 0.03 0.008333333333333333
2 0.206875 0.695 0.10625 0.49
2 0.684375 0.5308333333333334 0.08625 0.16166666666666665
0 0.425187268198083 0.881273171632148 0.0423708216943109 0.0812607431609259
0 0.6142579216158348 0.8321016276612958 0.043984534547292356 0.09796620192485193
1 0.6781458915284452 0.4803559832846291 0.020247910847155593 0.04060127750751851
1 0.3257395256274867 0.8876904766975925 0.040738923198680436 0.06372195106366671