2 0.393125 0.4583333333333333 0.09875 0.42333333333333334
2 0.12243184212234538 0.39842322654705903 0.08465657624665739 0.44308178298109546
2 0.380625 0.13 0.14875 0.26
0 0.12009175529189597 0.21930504179548369 0.028111623700136902 0.05687513890155922
0 0.40540279002407575 0.28874638855945994 0.03239569548689161 0.052742409575456485
1 0.11248827785743813 0.48181958637001104 0.024659282132453626 0.041850897944013546
1 0.42610346313031244 0.14194397253053764 0.013761497492717467 0.029268478688358357
2 0.5275 0.34 0.055 0.37333333333333335
1 0.505 0.3858333333333333 0.01 0.035
0 0.5117035893377319 0.1605601677901113 0.020672868778015642 0.030988475461625455
0 0.5244763739774679 0.1479632039599287 0.024197952916295264 0.049346049752504464
2 0.619375 0.15416666666666667 0.08125 0.30833333333333335
2 0.236875 0.7283333333333334 0.12375 0.11666666666666667
1 0.2 0.6766666666666666 0.04 0.013333333333333334
2 0.885625 0.835 0.16875 0.33
1 0.8982290798632642 0.8641057103373726 0.05234113855894435 0.05039755170374861
1 0.579331715914926 0.7874261659148891 0.027620611348611986 0.03437513890155931
1 0.6172681713385038 0.7671352744243414 0.028245611348611987 0.034379987093068394