2 0.493125 0.1625 0.08625 0.195
2 0.04 0.17833333333333334 0.0775 0.16333333333333333
2 0.08375 0.17 0.06 0.18
2 0.139375 0.18 0.07375 0.16
2 0.281875 0.17583333333333334 0.08375 0.16833333333333333
2 0.354375 0.16416666666666666 0.09625 0.19166666666666668
2 0.4225 0.1825 0.095 0.155
0 0.03684790314507239 0.1370659484863264 0.026938316471022575 0.053900622943500405
0 0.07782593399040269 0.10441016147372738 0.023877590992986412 0.04217577272707303
0 0.13493285132521265 0.13394891082488455 0.023252590992986412 0.042161226839632866
0 0.19 0.2425 0.0275 0.035
0 0.2606221258471764 0.11934397489530127 0.021113057371723868 0.04960304328987211
0 0.21123033867847965 0.172217950219503 0.023917642812846224 0.04300910606040636
0 0.2166318149280181 0.11536218701611399 0.023588834669619984 0.06214668095219262
0 0.4866159858102624 0.09573048442118212 0.020432176434108554 0.035436376623205444
0 0.3471366594684389 0.10982209654111606 0.021962539173126742 0.04129880173141913
0 0.4140032658840904 0.13412811169323038 0.024863057371723868 0.04969031861451323
2 0.973125 0.16333333333333333 0.05375 0.19333333333333333
2 0.966875 0.09333333333333334 0.06625 0.18666666666666668
1 0.755625 0.2375 0.03625 0.045
1 0.99375 0.08083333333333333 0.0125 0.03166666666666667
0 0.980994589139905 0.09889959524343046 0.030728368290882314 0.054821231601474854
1 0.029697101786637994 0.6140587350656312 0.027267124614248885 0.03476304805171405
1 0.09548230906607692 0.6158647502177456 0.027531658235511288 0.027277593939154295
1 0.23165220542635745 0.6110270800891193 0.027491606415651546 0.026444260605820964
1 0.351572101786638 0.6065676030339379 0.026081399136212723 0.02308183549760732
1 0.3853863763086018 0.5941009125580612 0.02569671005537103 0.028067289610167072