2 0.488125 0.2658333333333333 0.08375 0.34833333333333333
1 0.011875 0.33666666666666667 0.02375 0.03
1 0.08043214175101752 0.33773160197996427 0.030454948050347496 0.030223016809419884
1 0.22764798374262626 0.3315874287838098 0.029877307718412852 0.031051501951244138
1 0.3556782644064958 0.32892688285777166 0.03126938672260849 0.0335611983342623
1 0.3922310710451917 0.31196932470055716 0.03045494805034764 0.030223016809419977
2 0.623125 0.15333333333333332 0.09375 0.30666666666666664
1 0.6299965804232783 0.18084565548291304 0.025881185062934405 0.03768423127734688
2 0.776875 0.1325 0.09625 0.265
1 0.7689166323729308 0.14975481239335883 0.022756185062934548 0.037659990319801294
2 0.08625 0.72 0.1725 0.56
1 0.21190961577619136 0.522075984913758 0.030985228714217213 0.028561198334262485
1 0.28133197544425653 0.5223711689895779 0.029877307718412852 0.031051501951244138
1 0.42263865942747403 0.5112706295170056 0.031553544730999764 0.038561198334262296
2 0.5 0.515 0.06 0.15
1 0.975 0.9716666666666667 0.05 0.056666666666666664
0 0.973125 0.6025 0.05375 0.07166666666666667
2 0.9475 0.78 0.105 0.44
1 0.8893148964400609 0.7607002097376392 0.031032588382282428 0.02939453166759563