2 0.2125 0.3233333333333333 0.1375 0.25333333333333335
2 0.05125 0.24666666666666667 0.1025 0.4066666666666667
2 0.348125 0.19083333333333333 0.09625 0.38166666666666665
2 0.196875 0.050833333333333335 0.08625 0.10166666666666667
0 0.06404763999256896 0.08071336227293983 0.027169220415847378 0.051819618425464946
0 0.2203808207366356 0.2511718049478823 0.03632680879812966 0.08180257794099285
0 0.354375 0.025 0.02625 0.05
1 0.190625 0.0033333333333333335 0.02125 0.006666666666666667
1 0.028068045131984968 0.39290732122152555 0.02458382539486923 0.039115545213249635
1 0.3614227334340703 0.24807593812662151 0.02400618506293455 0.03988085414251126
1 0.064375 0.011666666666666667 0.01875 0.023333333333333334
2 0.75 0.24666666666666667 0.185 0.4066666666666667
0 0.7750235443916338 0.08151123929915371 0.04981129942004301 0.05676849697204811
1 0.7689592926023755 0.35419827202689674 0.05567309776036908 0.061547383275360516
2 0.431875 0.725 0.39625 0.55
1 0.11270070637952706 0.702006101017938 0.03045494805034753 0.03312912258730061
1 0.24106250471985313 0.7117844371859805 0.028579948050347498 0.03292504937508549
2 0.924375 0.8958333333333334 0.11875 0.20833333333333334
2 0.7430903842238087 0.7790296551218008 0.1042101146964744 0.4237751481252561
2 0.904375 0.5825 0.08375 0.265
0 0.7502424321939591 0.5978561997681088 0.02391146572680398 0.038214187475844694
0 0.9339894798247438 0.8392158626466389 0.03197045742843429 0.059795789253967085
1 0.7323792511105267 0.8457813866770116 0.021894386722608346 0.035510114263629475
1 0.7168153636475671 0.522108068857137 0.028579948050347498 0.0329250493750853
1 0.8997975465510677 0.599879341270519 0.02026550937808679 0.028707398788819206