2 0.1275 0.215 0.1025 0.31
0 0.124733026962667 0.08486235625975876 0.027138711827801955 0.04452645962430135
1 0.138125 0.36083333333333334 0.03125 0.018333333333333333
2 0.378125 0.3275 0.12625 0.085
0 0.3971868699725276 0.32174855232182753 0.03715412837033341 0.06329630257628158
1 0.51125 0.016666666666666666 0.0225 0.03333333333333333
2 0.251875 0.8791666666666667 0.10375 0.24166666666666667
2 0.045 0.8258333333333333 0.09 0.34833333333333333
2 0.16082033796370304 0.7921084159292965 0.09443675880758136 0.38128308336160593
2 0.23353770752645503 0.48130221837071263 0.053950415052910046 0.2226044367414253
1 0.02875 0.9858333333333333 0.0225 0.028333333333333332
0 0.16165590719502723 0.6368174095168652 0.019246590570540578 0.05081481795480746
0 0.2351662281208607 0.7878121062880314 0.026150700413382993 0.0519682583418152
0 0.02992817965145971 0.6830158461016504 0.023708920099067613 0.05351852244350937
1 0.10179284019813523 0.46432006466377385 0.011919526385373871 0.019690478209042888
1 0.2373476504543605 0.5097591941044122 0.015190075599585668 0.024002648081925173
2 0.1000770827126577 0.45679958441875435 0.044529165425315397 0.17359916883750864
2 0.516875 0.9108333333333334 0.07375 0.17833333333333334
2 0.54625 0.8191666666666667 0.09 0.3616666666666667
2 0.6444795619507346 0.6794231914942034 0.06934770603683361 0.3418439256610339
2 0.603125 0.47833333333333333 0.05875 0.21666666666666667
0 0.486875 0.8633333333333333 0.01375 0.06666666666666667
0 0.5295805847795723 0.6697486088416948 0.035482897270229755 0.0690423339858855
0 0.6317397902391128 0.5297723991891208 0.020176382299274848 0.04170635257062704
0 0.60125 0.37833333333333335 0.0225 0.016666666666666666
0 0.5327106618687794 0.47261633191513835 0.02654282167064423 0.045330692316391606
1 0.5409727801467977 0.9062697723021459 0.022501723242220776 0.03682275513559943
1 0.6405001296924372 0.7447141979066346 0.018693503556536085 0.03498148462147412
1 0.6037158130679506 0.5160528274038182 0.015248295285270217 0.02566931474859184