1 0.011875 0.4191666666666667 0.02375 0.035
1 0.12849797154865558 0.4149531849036195 0.027660717313564332 0.030208472234892647
1 0.1601844811673024 0.3985289278124093 0.025676589908902658 0.026027260993698557
2 0.614375 0.18916666666666668 0.16875 0.37833333333333335
1 0.6373531162329544 0.19519615008531294 0.05311905241314349 0.047902399895257686
1 0.3548709854872117 0.07298052656564077 0.024579368275429017 0.031850897944013544
1 0.418577334525347 0.07514170876623856 0.027551589908902656 0.02604180556822598
1 0.7055039244342497 0.05152884714408657 0.02447024087076727 0.027684231277346878
2 0.78625 0.15666666666666668 0.1575 0.31333333333333335
1 0.7879205787371952 0.17469304938083732 0.04809722693221118 0.047030281029851344
0 0.2111428374618319 0.7557585403003719 0.07132540675001636 0.09886663439933756
2 0.13 0.845 0.26 0.31
2 0.2875 0.71 0.055 0.3
1 0.268125 0.7183333333333334 0.01625 0.03333333333333333