2 0.415 0.26 0.41 0.52
0 0.5025 0.051666666666666666 0.1325 0.10333333333333333
1 0.08883896033970289 0.2783625910092536 0.029304453685222144 0.02856689103541233
1 0.21658119743677698 0.26755851535184033 0.026749773270518487 0.027636567607950534
1 0.2515735478985918 0.2469854923203121 0.02810913409992594 0.02935172932168143
2 0.341875 0.72 0.19375 0.4
1 0.3821197852219251 0.7413280045756258 0.05284338156459228 0.04527313521590107
1 0.045542269557406596 0.6825367729045023 0.027405938246962903 0.03763656760795053
1 0.08246430043392522 0.6627243406357112 0.02639817534403704 0.031778986751085085
2 0.80625 0.7241666666666666 0.1225 0.4083333333333333
1 0.8037273322154803 0.8413536544038177 0.029499659905777662 0.041042643511880215
2 0.819375 0.5925 0.10375 0.145