1 0.44 0.23916666666666667 0.02 0.045
1 0.11951794351276249 0.1534650690868415 0.030388094710093298 0.04018052779116791
1 0.2584499540361061 0.16223486262972425 0.029763094710093297 0.04012225544788161
1 0.37801929300071263 0.19764809155063887 0.029726692605424602 0.03928892211454828
2 0.57625 0.28583333333333333 0.105 0.4083333333333333
2 0.861875 0.10416666666666667 0.14625 0.20833333333333334
0 0.5863732844126285 0.11504490960367633 0.028324919966118217 0.0499474384180229
1 0.5661627856626069 0.39095403580762156 0.022481507338105756 0.04442298732844658
2 0.4725 0.15166666666666667 0.045 0.30333333333333334
2 0.223125 0.9333333333333333 0.10875 0.13333333333333333
2 0.358125 0.8833333333333333 0.09875 0.23333333333333334
2 0.4275 0.8816666666666667 0.045 0.23666666666666666
2 0.041210349770298936 0.7587115211995965 0.08122917446162646 0.3918353846918179
2 0.22740545500373593 0.7342351958023761 0.07525864607683332 0.3406524172987671
2 0.2975874655270796 0.7365950315837705 0.07609589448421432 0.3598190839654337
2 0.15625 0.8166666666666667 0.085 0.36666666666666664
0 0.0648646383357952 0.9642416830504819 0.03306394101280553 0.058688678154359956
0 0.0464701622853719 0.5952033708364044 0.027584549431480525 0.06149756039811696
0 0.12362405068145897 0.5672543243740417 0.026668332594130605 0.05477262138816409
0 0.15513561285389138 0.6647425146080251 0.029277538908136832 0.0575057107613091
0 0.23322979175073427 0.6009018624690428 0.030381930489461837 0.05428892211454828
0 0.2993946591001339 0.580295519504147 0.0241380947100933 0.03959780435830529
0 0.22740662144197557 0.9066011305884778 0.028209549431480525 0.06155583274140326
0 0.3661437097815929 0.8049047453850706 0.03424113680346807 0.057138556174265887
0 0.4151714317394404 0.6019675086887245 0.023804311547443148 0.046206198681685656
0 0.3767070675752786 0.6636459851214078 0.024647724175455608 0.051264471024971954
0 0.4375 0.5341666666666667 0.025 0.045
1 0.2968415139909304 0.7967698486136292 0.026965713652111846 0.04733089373145049
1 0.22175080033881842 0.834951984449137 0.023767909442774453 0.04537286534835251
1 0.14675754777856967 0.9283672096577896 0.026559126280124374 0.052272621388164
1 0.03489429300071269 0.8602033708364043 0.025133279977412108 0.03388101571154455
0 0.11619244032752447 0.8092123527571397 0.0314011894201866 0.0776222554478818
2 0.6069871224096053 0.7398000104645147 0.10189057656629515 0.3945917053535978
2 0.4925 0.6083333333333333 0.085 0.23666666666666666
2 0.61 0.5608333333333333 0.0825 0.14166666666666666
2 0.524375 0.5241666666666667 0.06375 0.06833333333333333
1 0.4846136549472662 0.596187513424165 0.0177424862914183 0.035681747592109334
1 0.5993297687687873 0.8001671650515579 0.023331084186749534 0.03537286534835232
0 0.6073863791227219 0.5582674090117462 0.025381930489461836 0.053822743368258257