2 0.165 0.295 0.115 0.21
2 0.0625 0.13333333333333333 0.075 0.26666666666666666
2 0.2025 0.13333333333333333 0.075 0.26666666666666666
0 0.14204467460530218 0.24083333333333334 0.028142139784752232 0.05416666666666667
0 0.16139056476245983 0.24 0.02559933664159914 0.07083333333333333
1 0.0554710198495949 0.16 0.021672954342324288 0.03
1 0.2059213607925409 0.155 0.021818503556536088 0.034166666666666665
0 0.09251895566442819 0.12916666666666668 0.022371590570540577 0.05
0 0.893125 0.034166666666666665 0.06625 0.06833333333333333
2 0.8925 0.2 0.215 0.4
1 0.5349350726203427 0.18833333333333332 0.026643844499482015 0.029166666666666667
2 0.19733060330706337 0.6583333333333333 0.12709427807988305 0.3283333333333333
0 0.1880651497095498 0.5183333333333333 0.03904282167064423 0.04416666666666667
1 0.15845219387760395 0.7083333333333334 0.03497261339937836 0.035
2 0.6788871182780184 0.6166666666666667 0.08250353912189666 0.37583333333333335
2 0.72625 0.465 0.075 0.13
0 0.6733853579808156 0.45916666666666667 0.025017139784752375 0.05416666666666667
1 0.6807672880046806 0.7241666666666666 0.024464052770747743 0.03833333333333333
1 0.731801456409239 0.4675 0.018489734656639598 0.028333333333333332