2 0.1075 0.16666666666666666 0.09 0.3333333333333333
0 0.1075 0.010833333333333334 0.025 0.021666666666666667
1 0.10069563911360646 0.20160702294701538 0.021370611348611988 0.03464668095219262
2 0.5615340574826093 0.47330699913780544 0.09611999461566029 0.39703642424162544
2 0.41625 0.4125 0.0525 0.3883333333333333
2 0.4955760794934894 0.2324652303059861 0.06312417292134938 0.3163091298696164
0 0.4053396661390514 0.2453931714307055 0.026588839060400885 0.04476304805171405
1 0.4049021589869788 0.49444347099785074 0.019513796991261073 0.035436376623205396
0 0.5645098147271256 0.3083215450252456 0.024822952916295264 0.04971941038939349
1 0.49158485679626546 0.3008567471890801 0.017013796991261074 0.03537819307344478
1 0.5531563372926678 0.5709524580122072 0.023300168276559247 0.03719031861451337
0 0.40558381937191584 0.03382832597612012 0.017875210345698916 0.04622607229421824
2 0.41125 0.13583333333333333 0.0425 0.24833333333333332
2 0.440625 0.09583333333333334 0.05125 0.19166666666666668
0 0.4468242006863439 0.14781011385530743 0.025557066772189715 0.05473395627683374
2 0.45068707215652937 0.31430222987269196 0.06691535354943355 0.3755339800860438
0 0.3627832304039586 0.7885842359388101 0.019568353919208335 0.03793637662320544