2 0.03125 0.23666666666666666 0.0625 0.36666666666666664
2 0.100625 0.14916666666666667 0.07875 0.29833333333333334
2 0.148125 0.1325 0.06125 0.265
2 0.235 0.12083333333333333 0.0725 0.24166666666666667
2 0.31625 0.27666666666666667 0.0825 0.2866666666666667
0 0.07373975324552987 0.39059500237638495 0.03376174522214313 0.05798483556121179
1 0.018285018546730498 0.3364374485889914 0.026638094710093298 0.03788786844896947
1 0.30569372167549874 0.3817021789518011 0.02149248629141823 0.034476961425842396
1 0.10933568179973215 0.2046071054954149 0.026158703128768224 0.041211505071078514
1 0.149973010240995 0.1769234518141054 0.017524073663405772 0.029418781158496853
0 0.3042875344729204 0.14933793290894046 0.02909552838479314 0.05125029191597548
2 0.341875 0.16166666666666665 0.08625 0.3233333333333333
0 0.3275 0.016666666666666666 0.025 0.03333333333333333
2 0.678125 0.1625 0.21375 0.325
1 0.6450340692281895 0.12099081604072542 0.059975343117474295 0.05755876409929651
0 0.541875 0.47333333333333333 0.01625 0.06666666666666667
2 0.518125 0.7008333333333333 0.06375 0.5383333333333333
1 0.29006430711222675 0.6163337039252801 0.025321454721387228 0.02204483840441185
1 0.16175729658888308 0.6101792114576448 0.02539425893072476 0.02371150507107861
1 0.09834107975153315 0.6025331769573302 0.023810475768074612 0.030349081604072504
1 0.4018541744616263 0.6447166884786367 0.02818547576807475 0.030416958582642147
1 0.45896607975153314 0.6081281793337151 0.023112671558737075 0.028672718226181643
2 0.891875 0.71 0.21625 0.58
0 0.8688568734375269 0.4622754525779333 0.07595819994353036 0.08029148516867811
1 0.8861355447139155 0.8864227258221514 0.0669897873155179 0.07515573121153883
1 0.6247355217319686 0.6358676779545657 0.023737671558737076 0.028682414937405837