2 0.036875 0.25916666666666666 0.07375 0.415
2 0.144375 0.18 0.08875 0.36
2 0.259375 0.1175 0.07625 0.235
2 0.36375 0.085 0.0775 0.17
2 0.010625 0.145 0.02125 0.29
1 0.015502549996177865 0.38919501462414813 0.028106507338105723 0.04433427227490635
1 0.24129548242089924 0.0843024706778839 0.02141968208208084 0.03389754078088117
1 0.3438133918636737 0.03393776029074255 0.020831084186749536 0.03468720096481188
0 0.03614370978159288 0.08783760349798438 0.031704734698799336 0.05538597135525246
2 0.845 0.33 0.31 0.66
1 0.73375 0.5275 0.0875 0.12166666666666667
2 0.460625 0.83 0.17375 0.34
0 0.475625 0.6658333333333334 0.05625 0.011666666666666667
1 0.4350214087574934 0.9511155718398233 0.05409552838479314 0.05445820473374369
1 0.1930786023305477 0.8126641519686987 0.02807626945406838 0.02937794542430898
1 0.2603601897025352 0.812947451833225 0.027487671558737076 0.030167605608239778
1 0.5755422002258789 0.786769517867681 0.024842063140062008 0.026659579677296298