2 0.489375 0.165 0.08125 0.33
1 0.523125 0.1675 0.01375 0.045
1 0.03493458077391697 0.05476273000123077 0.02857595813063888 0.028236442524917037
1 0.1717222985550836 0.06145786140027146 0.026119599240055608 0.03052283281899842
1 0.32449816967975026 0.054541455887782794 0.02420095813063881 0.027862625539559455
1 0.2910245633727226 0.06749105819121572 0.024215505167111077 0.02869595887289279
1 0.7888586226432781 0.07439724449366508 0.03418641109416669 0.027883731029900407
2 0.79125 0.09166666666666666 0.12 0.18333333333333332
1 0.6025 0.014166666666666666 0.03 0.028333333333333332
1 0.639375 0.009166666666666667 0.02625 0.018333333333333333
2 0.355625 0.6916666666666667 0.08125 0.3433333333333333
2 0.235 0.8425 0.095 0.315
2 0.04625 0.6966666666666667 0.0825 0.35333333333333333
2 0.181875 0.565 0.06625 0.09
0 0.353125 0.5333333333333333 0.02125 0.02666666666666667
0 0.22984729855508362 0.7288782438784314 0.02843101033422215 0.055683040098437386
1 0.04217325668572254 0.7386374468413937 0.019288240349472262 0.03243540612772241
1 0.36247874445163925 0.7834794891989684 0.023765069604777835 0.03864255644641313
2 0.67375 0.915 0.2875 0.17
0 0.5950919853335835 0.888799903757846 0.07357700326724995 0.1036412790451584