1 0.5238973715086752 0.12702973069681547 0.050978917130699415 0.04401289179311107
1 0.994375 0.43666666666666665 0.01125 0.02666666666666667
0 0.8839239434822125 0.21007142654296349 0.02815984693295235 0.04912857132714824
2 0.891875 0.3175 0.09875 0.265
2 0.97625 0.31583333333333335 0.0475 0.2683333333333333
2 0.944375 0.11 0.05875 0.22
0 0.8810877410005381 0.07270719888337093 0.020716691585911207 0.03808188145888892
0 0.9925 0.21 0.015 0.04666666666666667
0 0.9839807881351714 0.2023608570390007 0.021297987328446483 0.03726794417418518
0 0.8570229538737726 0.11355923150759314 0.025659846932952205 0.04905098713262968
2 0.5275 0.685 0.0825 0.39
1 0.5203878905160053 0.746896745387371 0.045760395843375934 0.03969105673740747
1 0.20661190090756562 0.6414817640310004 0.023811127723940898 0.02569825775066666
1 0.2712928307098184 0.6493128903731857 0.0281861277239409 0.025834030091074094
1 0.4015113519971419 0.6575139351548154 0.0281861277239409 0.025834030091074094
2 0.8133032265531943 0.7192754917914079 0.08121856259038339 0.34695900091159276
2 0.853125 0.5466666666666666 0.07375 0.19333333333333333
0 0.62 0.9616666666666667 0.04 0.07666666666666666
0 0.8057423900118024 0.5751088251247413 0.023872255447881515 0.050659465653407475
1 0.8172540331914929 0.8184033663608153 0.023085578813517173 0.035659465653407475
1 0.8593044325864492 0.5850908225915932 0.016979831981405482 0.026318234549074095
2 0.668125 0.4766666666666667 0.05625 0.05333333333333334