2 0.52875 0.4891666666666667 0.08 0.20166666666666666
2 0.40991951116913916 0.3630212623702189 0.07533980752191695 0.3807010705367435
2 0.2531738667924725 0.25580430334192444 0.06781071344897242 0.37868519617515933
2 0.1325 0.48083333333333333 0.095 0.21833333333333332
2 0.023125 0.365 0.04625 0.4033333333333333
2 0.18834790866183354 0.2269736039605494 0.0636528738594447 0.3193730263022771
2 0.073125 0.4075 0.07125 0.365
0 0.12221689779513924 0.4095767661158961 0.039216027735416645 0.06427513911583048
0 0.3261419848011114 0.46486780785324444 0.031701480698944524 0.06309259808757967
0 0.18147081838861126 0.08343656613851422 0.030596951063666607 0.07136773013842676
0 0.08862273464988903 0.13073813661871242 0.020858275151861106 0.050097887186446616
0 0.14882691572880574 0.1810026975368091 0.02398327515186111 0.050243390392662186
0 0.3402821419443336 0.3089868585001421 0.028968728115388843 0.04964286218927384
0 0.4897293545583892 0.284304345731825 0.025843728115388983 0.04949735898305827
0 0.5335396329775003 0.4328916547205377 0.03617830995424981 0.06912963590961492
0 0.4368048776591668 0.07867206174028492 0.019448257750666754 0.0408730192372937
0 0.04292447689922234 0.08864289044920758 0.02520418107891672 0.048634925008481766
0 0.08253118434616674 0.03220109879667722 0.019433710714194488 0.04003968590396037
0 0.5057024382971114 0.23342339637872261 0.025814634042444596 0.04783069231639161
1 0.2497303996950003 0.3447381648786461 0.019331881458888915 0.03420635257062713
1 0.15701428442113927 0.47114820074302466 0.02437552256830557 0.03693915770057212
1 0.07625 0.5791666666666667 0.0275 0.021666666666666667
1 0.41369965037869477 0.43647099826852476 0.02562552256830557 0.036997358983058275
1 0.011875 0.4483333333333333 0.02375 0.03666666666666667
1 0.1839162882208614 0.33084926421478483 0.019898693312999996 0.030902119878536874
0 0.0696420723395558 0.25974871481644624 0.026686933662472257 0.062026459624301346
0 0.30160278685347236 0.1681323546413743 0.021279616641249957 0.03846032116102303
1 0.11410069658025009 0.016185231500076516 0.015465505167111147 0.02736508205650163
1 0.060613065805055655 0.06448680904525814 0.013488675911805572 0.021444446799438927
1 0.013448170212222372 0.1172460596695377 0.01604686405769442 0.024894182697744707
2 0.733125 0.20416666666666666 0.18375 0.4083333333333333
1 0.778917855925778 0.242526586794003 0.05016053996950007 0.0472989506582068
2 0.091875 0.795 0.18375 0.41
1 0.0375 0.7633333333333333 0.075 0.09666666666666666
2 0.7525 0.7258333333333333 0.09 0.27166666666666667
2 0.61125 0.6516666666666666 0.085 0.12333333333333334
1 0.580625 0.6 0.02125 0.02
1 0.7371748243906393 0.7176059232770066 0.024360975531833303 0.03610582436723879