2 0.285625 0.2733333333333333 0.03125 0.37666666666666665
0 0.2725 0.11083333333333334 0.005 0.045
2 0.305625 0.145 0.06875 0.29
2 0.4103361160391294 0.18902203705985907 0.08592621240213347 0.3289284824366655
2 0.41625 0.04666666666666667 0.0575 0.09333333333333334
2 0.449375 0.3458333333333333 0.10375 0.36833333333333335
2 0.589375 0.3416666666666667 0.10625 0.37666666666666665
2 0.777927996129481 0.2779904079466189 0.09266734920560155 0.3835371726719408
2 0.6925 0.030833333333333334 0.0575 0.06166666666666667
2 0.535625 0.021666666666666667 0.05625 0.043333333333333335
0 0.31 0.0125 0.0225 0.025
1 0.30220495181849794 0.18584281338432107 0.020024073663405913 0.031061053389274965
1 0.40908669925824914 0.27460278549684464 0.02152888839608707 0.03702067917078229
0 0.41898807172814634 0.04793611883017796 0.024174496814761994 0.04060659740046338
0 0.4506334970971107 0.1924175324942076 0.023986322070786912 0.05054345117637647
0 0.46567606342241086 0.20417221022536727 0.017548147326811828 0.059848842711420026
1 0.45016201939377654 0.45961423379397587 0.026049496814761996 0.040796036072724175
1 0.5863330509638076 0.4334115031671086 0.0241380947100933 0.03977326406713
0 0.6015922802597607 0.18380281293183326 0.028361322070786912 0.05098547474498503
1 0.7875583940812819 0.356664337240793 0.022851692605424603 0.03881363828562295
0 0.7852448191678977 0.11049040794661892 0.024799496814761995 0.04066974362455028
2 0.9425 0.765 0.115 0.47
1 0.973125 0.9133333333333333 0.05375 0.08
2 0.855625 0.7125 0.13375 0.365
1 0.8521265666076487 0.7485443232970549 0.04564290944277445 0.047753569019419614
1 0.5740737875978665 0.6895232703602676 0.025096877872743447 0.03323288984863732
1 0.6394075707605166 0.6895595834978049 0.029508279977412143 0.03450824675057921
1 0.7700325707605166 0.6763620226636331 0.028883279977412146 0.03444510052649226