2 0.309375 0.22 0.20125 0.44
1 0.378125 0.295 0.06375 0.06666666666666667
2 0.5 0.09 0.065 0.18
2 0.566875 0.04833333333333333 0.04875 0.09666666666666666
2 0.715625 0.07 0.05125 0.14
2 0.671875 0.0325 0.05125 0.065
2 0.739375 0.37916666666666665 0.10875 0.12166666666666667
2 0.886875 0.36916666666666664 0.11125 0.14166666666666666
0 0.7385337630445459 0.1728468473637096 0.020212307222466988 0.0559787790786072
0 0.7297520337500819 0.33878199271873466 0.02904960914619636 0.059379987093068395
0 0.8789087789407586 0.32928994161471936 0.028744052413143494 0.04771332042640173
1 0.49580557792800306 0.07054188623654861 0.013648811542376222 0.020101812021691784
1 0.5669523981101978 0.018312829354822972 0.013736113466105593 0.023435145355025024
1 0.673125 0.0075 0.01375 0.015
1 0.716859148599612 0.06132562644231681 0.016214287985173145 0.022621204787728243
1 0.24713892362505738 0.6263401710168441 0.02634524087076727 0.027698775851874302
1 0.31035122554878675 0.6291838370077555 0.02759524087076727 0.027708472234892555
2 0.7675 0.9125 0.105 0.175