0 0.355625 0.3883333333333333 0.02625 0.04
0 0.3352305316995652 0.3799292249195787 0.020269083736472595 0.03301011426362947
2 0.41 0.33416666666666667 0.07 0.14833333333333334
0 0.40545641810949207 0.2899799337715432 0.021679079471672368 0.051479496405106226
0 0.00875 0.32 0.0175 0.04
0 0.00875 0.2725 0.0175 0.051666666666666666
2 0.06125 0.31583333333333335 0.065 0.185
0 0.0667136906429102 0.2522773734313202 0.019774989337999784 0.047942089859557675
0 0.07966458771483723 0.20197119484608858 0.02553816747294519 0.06438764282953675
0 0.13760777437938274 0.2291307977580949 0.027216809070654335 0.042091716041751964
2 0.126875 0.30583333333333335 0.06625 0.205
2 0.198125 0.33916666666666667 0.06875 0.13833333333333334
0 0.2039882421069467 0.29307607566043903 0.019665901336727246 0.03544208985955758
0 0.2102168623806554 0.2245216286304181 0.02970953653723626 0.04153048032470565
2 0.2675 0.32083333333333336 0.0775 0.175
0 0.27810914131127373 0.25860295534090577 0.023481354137490768 0.0433502362839882
0 0.33962822504774637 0.23443601360660413 0.018546806938254293 0.05030604105141417
1 0.990625 0.29333333333333333 0.01875 0.043333333333333335
0 0.98125 0.0375 0.0375 0.055
2 0.963125 0.205 0.07375 0.4066666666666667
1 0.591711939147057 0.1814619057853641 0.027754538669636234 0.032159740445823676
1 0.7129546666136389 0.19549197350861733 0.026519083736472594 0.033690358304346926
1 0.7474823898154205 0.18173331573256368 0.026548173870145318 0.03702369163768026
2 0.31625 0.9208333333333333 0.0825 0.15833333333333333
2 0.02125 0.8991666666666667 0.0425 0.20166666666666666
2 0.07784645436029272 0.803468556938572 0.06340310776574398 0.3249317005282933
2 0.14541917969447454 0.8024818592449878 0.048548558434107464 0.3399657814972379
2 0.1475 0.9508333333333333 0.065 0.09833333333333333
2 0.25109552530236506 0.7364099591290422 0.04958765496498032 0.31593516363871477
2 0.31027416690007426 0.7653722775158588 0.06351219576701653 0.3374317005282933
0 0.00625 0.6233333333333333 0.0125 0.04
0 0.017498686378110088 0.6217341409354685 0.016606354137490696 0.042601967839198854
0 0.015958222915346276 0.5831967343899199 0.02154817387014532 0.03647949640510622
0 0.09579095464672818 0.6110705247777709 0.02035635413749077 0.04301011426362938
0 0.07719323997454662 0.6632644837263567 0.022253171737745277 0.04571418747584469
0 0.1454636906429102 0.6540124771035111 0.019665901336727104 0.03544208985955767
1 0.06708283835138407 0.8898801664734238 0.020944991470399826 0.038911472001034515
1 0.1385437418205112 0.8734682818709371 0.01969499147039983 0.038775423192890915
0 0.18022413491407363 0.6135871526607908 0.020407261871418 0.048843447596962714
0 0.21311597597072862 0.7155938038139986 0.021700897071927017 0.05397949640510622
0 0.2528550405156008 0.606477983533114 0.021024989337999785 0.04807813866770116
0 0.30321095677912824 0.6428212935962593 0.020952264003818045 0.03974480533436785
0 0.31018049971356454 0.6327362287077153 0.019753171737745278 0.045442089859557576
0 0.40606687304265565 0.6848786536014317 0.026766349872690682 0.06202369163768026
0 0.3842714330362923 0.7450658238629921 0.02547998720559974 0.057720976162870086
0 0.4401359887651289 0.7953546868961165 0.02172998720559974 0.057312829738439555
0 0.44828368211331 0.6502696220075724 0.01851044427116335 0.046139374384747495
0 0.45710640744749176 0.6428886303312435 0.012224081604072552 0.041292463677363285
0 0.15613057434756605 0.9371076562556846 0.026119532272436102 0.05945566723360836
0 0.22416917969447453 0.8110529341580286 0.023597714672181525 0.05668356961732153
0 0.3162546452896383 0.8686205459606481 0.025981354137490767 0.043622333900275215
1 0.24678554022916535 0.8001684793712784 0.018372266136218087 0.030306041051414163
1 0.2989291860916747 0.846715862646639 0.020908628803308887 0.03474480533436766
2 0.555 0.45 0.05 0.08333333333333333
2 0.796875 0.465 0.07125 0.11333333333333333
1 0.5474978106301834 0.4248621632522293 0.017107721069381795 0.02850332557660399
1 0.7964587140993106 0.42776920940612 0.016519083736472453 0.03260196783919885
0 0.6705983657861492 0.871171117278795 0.03326361600890863 0.09103726901173104