2 0.335625 0.1075 0.12875 0.215
1 0.3343615180158224 0.0848807125606974 0.04130742207552146 0.04590184502129129
1 0.12441746390673593 0.024680855415957267 0.027954948050347497 0.03061092727248763
1 0.2417474119570835 0.051989866239523695 0.02684702705454299 0.03308183549760732
1 0.8344312167757113 0.4028982541195898 0.05630742207552146 0.04625094631985557
0 0.8001651561883232 0.053232809530713944 0.0550861331132819 0.06869276277009485
2 0.808125 0.275 0.20875 0.53
1 0.4813040024987997 0.24589849221168947 0.032519386722608346 0.03404608181790233
1 0.5477908008391258 0.2485232948096969 0.028958825394869193 0.037292139826594545
1 0.6864934411710606 0.2444607744646434 0.028097027054543276 0.03311092727248763
2 0.320625 0.7733333333333333 0.15875 0.4533333333333333
1 0.019493534612561803 0.7858942744624464 0.02929966738647792 0.032306685714034604
1 0.3321542622470619 0.7594255723008089 0.02857994805034764 0.030625473159927783
2 0.851875 0.7191666666666666 0.29625 0.35833333333333334
1 0.8725942521286241 0.682174745027003 0.08992540547878178 0.08864490735853128