2 0.35125 0.3225 0.4175 0.455
0 0.4314729086618335 0.1807645271611103 0.12654250843436132 0.13189047830083495
1 0.01 0.42833333333333334 0.02 0.03
1 0.13522604407166702 0.4143948265802099 0.025465505167111074 0.028219191618258418
1 0.1705310092692781 0.3938491451908584 0.026744599240055608 0.02996348453250448
2 0.898125 0.12083333333333333 0.13125 0.24166666666666667
1 0.8821135008349169 0.09441283728074372 0.04440461664124996 0.04021691866528537
1 0.6676356264430002 0.030148112493062342 0.02806733442241665 0.034207777446750735
1 0.022822125075611197 0.6241550548685881 0.032544163677722227 0.040312802646612626
1 0.16580165471088903 0.6069335161873928 0.03377961664124996 0.03955709556085888
1 0.2951039195285279 0.5947325328962395 0.025581881458888914 0.034885858284924944
1 0.32979843176261114 0.575058997964011 0.028735975531833446 0.036746590570540576
2 0.756875 0.6366666666666667 0.08875 0.17333333333333334
2 0.608125 0.745 0.09625 0.39
2 0.5925 0.6216666666666667 0.065 0.14333333333333334
1 0.5813466884483337 0.7579314161576695 0.025044163677722223 0.03984704516113519
1 0.740763239284528 0.6070454837627803 0.02080008700597233 0.047075353294606735
1 0.565625 0.6191666666666666 0.01125 0.03833333333333333