1 0.113125 0.005 0.02625 0.01
1 0.5656187513916562 0.3825562623944857 0.059782953732004526 0.05241302323612672
0 0.5543797902547059 0.04657263582625651 0.05128909376891855 0.06994532017226542
2 0.54375 0.215 0.2325 0.43
1 0.36535230166851135 0.2627324655592459 0.029222228253968297 0.038183040098437385
1 0.3986533380657059 0.24328887271563807 0.029727072794389145 0.03573644252491704
2 0.8749899191878915 0.09719010981665775 0.04895673658176463 0.11207150318690803
2 0.17 0.625 0.34 0.39
2 0.7949546576227376 0.711708210577086 0.127660936456258 0.50636480279562
0 0.8045270425692127 0.5125415439104194 0.03922966378737556 0.07804393830933937
1 0.8076326101218146 0.82349287354251 0.030143420110742055 0.05734970676510405