2 0.16468870820228942 0.2687451667872504 0.13777557248431208 0.3402978805472056
0 0.15366510610557468 0.13007208047700886 0.0494783682908826 0.0578068771335406
1 0.12638671375415383 0.313923651049293 0.03793217643410855 0.03781509609438255
2 0.691875 0.23583333333333334 0.50875 0.4683333333333333
0 0.6888998975932081 0.07964736230929129 0.1166169438612036 0.12030609950804755
1 0.4058036816758959 0.27850204338354784 0.030896969154669697 0.03394786522590768
0 0.368125 0.5108333333333334 0.02375 0.06833333333333333
2 0.335625 0.735 0.08875 0.53
1 0.0740310919158371 0.6658196709940398 0.03093702097452933 0.03478119855924092
1 0.138566299195276 0.67415222670188 0.027972228253968296 0.03787185119478276
1 0.27227624737541617 0.6837056272340272 0.02648191733480985 0.03277477891566605
2 0.5425 0.6375 0.0775 0.335
2 0.399375 0.625 0.03875 0.31
2 0.72125 0.5366666666666666 0.17 0.13333333333333333
1 0.385625 0.7291666666666666 0.01125 0.041666666666666664
1 0.5469716619342941 0.7339021046687396 0.022307176434108556 0.03660169260542451
0 0.53125 0.4875 0.025 0.035