0 0.2377589870143565 0.2924915715349025 0.03043637662320549 0.03613040581107375
2 0.219375 0.32166666666666666 0.12625 0.11666666666666667
2 0.713125 0.165 0.08375 0.33
0 0.4969924889641802 0.3393814590256893 0.03019320616851019 0.06523880013445421
0 0.71125 0.010833333333333334 0.025 0.021666666666666667
1 0.7066198250023067 0.19622787699672717 0.02043637662320549 0.03519804831849361
1 0.43529345909324574 0.17677101334382428 0.04557819902574721 0.04836227538327724
0 0.12298382630218917 0.9553431468116116 0.03519320616851019 0.06570497888074422
0 0.1293299428578961 0.42278487446832547 0.020501833116686255 0.04019804831849361
0 0.20687674383214882 0.4742355840457745 0.019975017856907442 0.047639775975207306
0 0.2891008451307132 0.45520259434960775 0.019942289610167096 0.04513977597520736
1 0.1304180454563429 0.6264678418613764 0.01778364480508351 0.023298292278681933
2 0.12734442922231132 0.5744515411349922 0.06936060292012215 0.386835384691818
2 0.20375032435236548 0.6174523726925353 0.06909877694619894 0.36683538469181787
2 0.2888594185081668 0.6170440780461331 0.06499651233570226 0.3872608116221475
2 0.22375 0.4575 0.0525 0.155
2 0.32625 0.5541666666666667 0.0275 0.33166666666666667
1 0.3295607844172278 0.6149984470264066 0.017300467207625302 0.03407335326872896
2 0.510625 0.825 0.07375 0.35
2 0.36875 0.7075 0.0575 0.3516666666666667
2 0.4325766902614264 0.68832074708052 0.06766015356940429 0.39999390099529253
2 0.60143894772916 0.7432792187777628 0.07398968279039764 0.35896823010477463
2 0.6537175961056251 0.717282489937189 0.054527407465756426 0.35049512079623396
2 0.7476748750016476 0.7101900080967944 0.06857512499835237 0.3268353846918179
2 0.819375 0.8791666666666667 0.07625 0.24166666666666667
0 0.555625 0.9908333333333333 0.03375 0.018333333333333333
0 0.5953649178582257 0.5858550116483747 0.025556380194586836 0.0448308937314503
0 0.6462190155854084 0.5730750714545617 0.021334112012708885 0.056089653995113245
0 0.4331158344165687 0.5515375357272809 0.022355014285525953 0.03870619868168575
0 0.5083558415593317 0.5401968835882985 0.021181380194586978 0.04442298732844658
0 0.4823271931828667 0.5686410508468953 0.019942289610167023 0.04513977597520731
0 0.35483810259844684 0.5559201594831652 0.025589108441327325 0.04733089373145039
1 0.42408393344363404 0.7634548122944183 0.017903648376465072 0.0324649589453486
1 0.5010697714315843 0.9533553998917732 0.02739865194784656 0.0425057107613092
1 0.6054352814957875 0.8204120641907195 0.026817289610167164 0.04578077175135623
1 0.6502139298722526 0.7937160672307105 0.017903648376465072 0.0324649589453486
1 0.8381703814944694 0.5851313475101099 0.017551383765968466 0.05324001993539563
0 0.8168784876642977 0.7775498438781887 0.029459112012708885 0.05684719445783457
2 0.8574162123396566 0.7880042128584622 0.08218013928387848 0.3647257705674961
0 0.8506844542219818 0.6330217333857878 0.025018655519228047 0.05143928805483076