1 0.40337909300800034 0.3191985338469061 0.05267508700597233 0.046235733228591015
0 0.43125 0.02 0.05 0.04
1 0.9597142849536112 0.1470955299444178 0.02491324034947226 0.031022412802189384
2 0.108125 0.8825 0.09125 0.235
2 0.03875 0.7775 0.0775 0.425
2 0.40875 0.7941666666666667 0.09 0.4116666666666667
2 0.26108118381369466 0.6693870577095252 0.10172073085016678 0.3857369251093877
2 0.114375 0.5758333333333333 0.07375 0.37166666666666665
2 0.34 0.485 0.0725 0.19
2 0.725625 0.8966666666666666 0.04875 0.20666666666666667
2 0.044375 0.4325 0.04875 0.085
2 0.0975 0.4241666666666667 0.0525 0.06833333333333333
0 0.029246166944972316 0.41928898266686876 0.026977351823611145 0.04187029071005009
0 0.030542420895916855 0.6009411047590081 0.03223919848011114 0.05690907624212315
0 0.114375 0.4083333333333333 0.02125 0.03666666666666667
0 0.21982752583555565 0.41826768107715323 0.020741898860083267 0.04265514212829212
0 0.2526486057745557 0.5085100906526098 0.02841646329775003 0.05271332042640173
0 0.09717325668572255 0.8022641054347635 0.03430330995425002 0.06775695414998381
1 0.018802002202305913 0.8591483851131041 0.02377961664125003 0.0376793830858378
1 0.23805905820561135 0.7466979782406692 0.020552787385944384 0.031821808794958696
1 0.3938165492387782 0.8628906333519151 0.024346428495361182 0.034350897944013546
1 0.15730052203583356 0.5594301358268704 0.019273693313000138 0.03014544574527387