2 0.19125 0.18083333333333335 0.0925 0.3616666666666667
2 0.131875 0.11583333333333333 0.07625 0.23166666666666666
2 0.045625 0.2775 0.09125 0.385
2 0.035625 0.15833333333333333 0.07125 0.31666666666666665
0 0.045890627318672446 0.1306803329635586 0.03044793758467108 0.07606689103541232
0 0.184375 0.0225 0.02875 0.045
0 0.1975 0.016666666666666666 0.02 0.03333333333333333
1 0.011875 0.3775 0.02375 0.03833333333333333
1 0.1707454563555101 0.25069957033470264 0.020453252826698787 0.044060759039296044
1 0.12562858842225721 0.1404506826423336 0.02134294934412793 0.0349425874196938
1 0.005 0.245 0.01 0.03666666666666667
2 0.42 0.22583333333333333 0.12 0.45166666666666666
2 0.6425 0.24333333333333335 0.105 0.4533333333333333
2 0.88875 0.2175 0.1 0.435
0 0.419375 0.024166666666666666 0.03125 0.04833333333333333
0 0.6415891099058179 0.036388820831503306 0.027721311171321615 0.054327481798149314
1 0.384398985980483 0.3051686298931905 0.027822233378491247 0.0410183959883481
1 0.6247097254650334 0.4021251640707082 0.02713172365438737 0.039327481798149315
1 0.9058702971518048 0.2719849886150295 0.025750704206179763 0.03594565341775175
2 0.67625 0.11916666666666667 0.09 0.23833333333333334
2 0.175 0.735 0.33 0.53
1 0.16 0.9691666666666666 0.095 0.06166666666666667
2 0.609375 0.6366666666666667 0.07875 0.3333333333333333
2 0.670625 0.5108333333333334 0.07125 0.08166666666666667
0 0.3913917173236212 0.8761959434147806 0.039558241067241935 0.08557302303152824
0 0.615625 0.48833333333333334 0.02375 0.03666666666666667
1 0.6050168765273266 0.7284127878941034 0.022658459068231735 0.036657749133424504
1 0.6700097670741703 0.4922374841551266 0.017265400723609048 0.026463768945167866