2 0.0225 0.35 0.045 0.38
2 0.33 0.4475 0.1875 0.285
2 0.295625 0.12 0.08625 0.24
2 0.05625 0.10666666666666667 0.055 0.21333333333333335
0 0.012330980235528699 0.18716274021361898 0.02288544427116335 0.04503957751382207
1 0.015185582877166226 0.43280209335869546 0.023415901336727104 0.03423049170402086
0 0.3483473834182203 0.34406907750628685 0.02859044213876359 0.05442447189227778
2 0.01625 0.024166666666666666 0.0325 0.04833333333333333
1 0.5782601130172023 0.3951465879127268 0.024607721069381652 0.02761232008441842
0 0.04695061912796696 0.7572839778312794 0.04351815467854493 0.1183154982668492
1 0.012103342329748728 0.7411418391490768 0.02347408160407241 0.04089715837068752
2 0.019375 0.7175 0.03875 0.255
2 0.49875 0.8908333333333334 0.0375 0.21833333333333332
0 0.9705445642584368 0.6144135529881243 0.022878171737744993 0.04420624418048881
0 0.5675 0.6041666666666666 0.0225 0.028333333333333332
0 0.532535049045201 0.7613625719370598 0.022231354137490767 0.04168199665695672
0 0.5814232271801464 0.7436379317682229 0.02288544427116335 0.04503957751382217
0 0.5981018687778555 0.7654832486328562 0.0209159013367271 0.034133501609892536
0 0.6600200661044013 0.8297251629463133 0.028619532272436174 0.05775780522561102
0 0.6829709631763283 0.7771855854324912 0.024186352005090724 0.05092140589421964
0 0.5640164564926928 0.948410786523192 0.026795440006363264 0.0635183959883481
0 0.6826210058243292 0.9604704237187602 0.02862680480585425 0.05859113855894426
0 0.49125 0.8058333333333333 0.0225 0.055