2 0.3901648853035256 0.34030820628261776 0.21551827486429942 0.5222257620125648
0 0.3904519956811322 0.1157931567532597 0.06230197510489063 0.06477926721201707
1 0.41831712015667877 0.4265230875354166 0.05746270273939103 0.045467115404157994
2 0.2770879830638947 0.28898491232625434 0.12002381527643138 0.36718868957493667
0 0.29463755700887134 0.1228363611870038 0.04247202705454299 0.03407608902958628
1 0.24468196430772124 0.3434578792655963 0.04338118506293455 0.0391003365531184
1 0.10563922007648159 0.28815298129758093 0.026032588382282427 0.030112320084418418
1 0.21835663169419917 0.31288235115787394 0.025454948050347637 0.030921405894219635
2 0.71 0.24833333333333332 0.22 0.49666666666666665
1 0.7123203528503977 0.29868001435823904 0.06225461543682556 0.06394593387868364
2 0.255625 0.7766666666666666 0.12875 0.29333333333333333
0 0.259375 0.64 0.03875 0.02
1 0.21421769194222143 0.8143232748841697 0.03501938672260835 0.03461845208053442
2 0.530625 0.815 0.06125 0.37
2 0.829375 0.8883333333333333 0.21125 0.22333333333333333
2 0.81625 0.67 0.1025 0.08
0 0.5264637211561984 0.6579871560137103 0.025057422075521318 0.0458729108471555
1 0.5173978997408313 0.9052931758254535 0.025066746390673557 0.03506382503735419
0 0.8573326295347653 0.8164389223553843 0.03120337842423851 0.05525780522561111