1 0.3969270022023059 0.3543228611103509 0.03183188145888891 0.034788365395489414
0 0.4129702082818614 0.12858741496346413 0.03449189886008327 0.04407143462712867
2 0.4181468629927502 0.28203715086177 0.11872613161011145 0.3619047820904287
1 0.05048736815986146 0.2915635398362372 0.029956881458888914 0.034701063471760184
1 0.17665008594102816 0.292441869367348 0.02678824034947212 0.032055560265544424
1 0.21012369224805588 0.27817997066114325 0.02428824034947226 0.03193915770057212
0 0.74125 0.1425 0.0175 0.03833333333333333
1 0.9391485182361115 0.2711878866469851 0.02485505220358334 0.028634925008481863
1 0.7807476471114447 0.2837963237712319 0.02747142849536111 0.035417994240120834
1 0.9037708178561391 0.2836958167627938 0.02934642849536118 0.03550529616385044
2 0.44625 0.9441666666666667 0.08 0.11166666666666666
2 0.2075 0.9075 0.0675 0.185
2 0.141875 0.89 0.06125 0.22
2 0.3025 0.865 0.0725 0.27
2 0.53875 0.8041666666666667 0.0575 0.14833333333333334
0 0.1374594943004168 0.8012090218475024 0.024448257750666683 0.04110582436723869
2 0.050625 0.7708333333333334 0.10125 0.08166666666666667
2 0.48375 0.865 0.075 0.27
0 0.20121001686872236 0.8399815199463913 0.02017508700597226 0.046735453211870205
0 0.24212491246155568 0.7869312629096805 0.02062552256830557 0.03676455385311329
0 0.29340348396619453 0.7551799494661929 0.020785539969500066 0.04593122051977995
0 0.41309851876858344 0.7790715052769629 0.02383780478713888 0.041910057059328855
0 0.4411528738594447 0.9194312982345976 0.030320557370694418 0.05553439680509352
0 0.21 0.7425 0.015 0.025
0 0.135 0.7475 0.02 0.035
1 0.29080479012072247 0.9640556097204285 0.02181733442241665 0.033489421802266196
1 0.5384185535709723 0.8032249668589209 0.016003222948277766 0.022394182697744704
1 0.5023592327500279 0.9197831610764237 0.014855052203583342 0.028169314748591887
1 0.09282212507561122 0.7483386436271505 0.012921864057694457 0.024748679491529136
0 0.32581881458888917 0.9307143462712865 0.01627961664124996 0.03822751603107804
2 0.4175 0.8783333333333333 0.0625 0.24333333333333335