2 0.05 0.275 0.1 0.55
1 0.15480373752154336 0.09566990418112226 0.024692271543677008 0.032862625539559646
1 0.2754170675595995 0.1061431667774058 0.023990871148243685 0.03030922311307999
2 0.374375 0.15416666666666667 0.11125 0.30833333333333335
1 0.408125 0.17166666666666666 0.04375 0.04666666666666667
2 0.884375 0.1675 0.21875 0.335
1 0.9361757821757581 0.13360831503875725 0.06157894150562072 0.056793299608711816
1 0.4584794640007 0.07884144766826552 0.0264144707528105 0.02802283281899842
1 0.433125 0.0975 0.00625 0.028333333333333332
2 0.803125 0.08583333333333333 0.09375 0.17166666666666666
1 0.7877663936433228 0.07397829982034997 0.035444605536065696 0.037937133456380064
2 0.09625 0.9275 0.1225 0.145
0 0.09885830351428218 0.9000051096050197 0.03541701186299804 0.07783032860342094
2 0.063125 0.7075 0.08375 0.255
1 0.05742152842657816 0.7464568891645128 0.021018671939110264 0.035042210980681714
0 0.12379248179519721 0.6144499798498824 0.024002541110187677 0.05108915401993367
2 0.1265301904798567 0.7696424840654601 0.0740247897484798 0.3620603117411101
1 0.12254144620620287 0.8389693580115657 0.025048806722365525 0.044529292206226125
2 0.244375 0.7783333333333333 0.10875 0.39666666666666667
0 0.246875 0.6 0.02625 0.04
1 0.21291390509601527 0.8802858679857256 0.02304647272997684 0.04020241826012049
2 0.168125 0.6941666666666667 0.05875 0.22833333333333333
1 0.15508812605397854 0.7530727082072097 0.01849320514063251 0.03399526794142995
2 0.3375 0.665 0.07 0.17
1 0.34058153831240984 0.6599257972486757 0.02034273834215469 0.03332214188753539
2 0.405 0.6666666666666666 0.05 0.17333333333333334
1 0.40993107151393215 0.6548314612427694 0.01966680474519933 0.03160207279438917
2 0.389375 0.6225 0.05625 0.085
1 0.48075451656358004 0.6135670762938342 0.04575020711779885 0.048791572280054346
2 0.503125 0.6658333333333334 0.14625 0.17166666666666666