2 0.29625 0.4007222272862021 0.0625 0.37513633778909034
2 0.120625 0.3888307847655248 0.075 0.3661636053469084
2 0.031875 0.4575 0.06375 0.305
2 0.493125 0.20544335798850347 0.161875 0.3116781148737441
2 0.05875 0.1328708103543253 0.05125 0.2616284636537208
1 0.055625 0.1728223267982041 0.01375 0.026879994313599886
1 0.11875 0.5204683612985188 0.024375 0.042878171737745184
1 0.295 0.5132028338637536 0.02125 0.03699635484829059
1 0.19625 0.10000408682365747 0.01375 0.019379994313599883
1 0.29375 0.1290167737746385 0.01375 0.027713327646933218
0 0.054375 0.011136266709088957 0.01875 0.01862423467006045
0 0.109375 0.055322910630155174 0.0175 0.035271507914278646
0 0.120625 0.23966411809885813 0.02125 0.04866302151495745
0 0.020625 0.33811264430298016 0.02375 0.04036847502652099
0 0.291875 0.2481543503076324 0.02375 0.05203514169318775
0 0.50375 0.07727486874598218 0.016875 0.03442847786972109
0 0.535625 0.07693606768508494 0.02 0.037810294759175585
0 0.741875 0.0575 0.01625 0.03833333333333333
0 0.7375 0.16756810541051356 0.015 0.034399387736048365
2 0.196875 0.08584711686821504 0.03875 0.16393452942923603
2 0.11375 0.16289078760872483 0.056875 0.2558824007214056
2 0.295625 0.09987919724164453 0.04625 0.18821755663059356
1 0.775 0.27625998862719975 0.02875 0.02961271538298149
1 0.91875 0.2726568988754409 0.026875 0.030416958582642338
0 0.65125 0.9447178561425388 0.04375 0.05401210311902995
2 0.784375 0.8183333333333334 0.06875 0.36333333333333334
0 0.771875 0.6780156771907377 0.03125 0.07465150222787846
1 0.77125 0.9446726471461803 0.03 0.052132108805430066
2 0.955 0.805 0.0875 0.39
0 0.951875 0.6208333333333333 0.03375 0.021666666666666667
1 0.95625 0.8867095403352211 0.026875 0.04041695858264234
2 0.78 0.6691666666666667 0.06 0.11833333333333333
0 0.958125 0.6291666666666667 0.02625 0.03833333333333333