2 0.370625 0.325 0.10875 0.41
2 0.5075 0.43666666666666665 0.11 0.18666666666666668
2 0.525625 0.32 0.11375 0.42
0 0.36189634042444474 0.14315880013570886 0.029826480698944523 0.06300529616385044
0 0.5192508700597225 0.14215882839564245 0.029622822188333373 0.05133862949718378
0 0.5069867580531116 0.3697355450566547 0.03274782218833337 0.05148413270339915
1 0.3654328379921116 0.45307149821197945 0.02758780478713888 0.04208466090678769
0 0.06531593913202823 0.3966322910565234 0.041381968464861175 0.08102910770622657
1 0.9061689886008335 0.24912174111872332 0.02985505220358334 0.02886773013842685
1 0.7600644589655559 0.25064552440116583 0.03242778738594446 0.033150799370066014
1 0.6967212534184725 0.9188518699068094 0.030465505167111148 0.028063497446336592
1 0.8404130652725835 0.9222116840593945 0.026773693312999995 0.031222226932211092
1 0.9666048771266946 0.924756680257172 0.025494599240055607 0.02949735898305827
1 0.99375 0.9108333333333334 0.0125 0.03166666666666667