2 0.206875 0.44083333333333335 0.41375 0.29833333333333334
0 0.06210389812585575 0.3747585396336125 0.12070736125616832 0.12750666370985567
1 0.7983750143041454 0.24601381555227306 0.030084240063313814 0.03478119855924092
1 0.8628227568747416 0.25434637126011334 0.02703198263391016 0.03787185119478276
1 0.99125 0.2633333333333333 0.0175 0.03333333333333333
2 0.30875 0.795 0.3225 0.41
1 0.291875 0.975 0.11375 0.05
2 0.7175 0.8616666666666667 0.1875 0.27666666666666667
0 0.7259964527314079 0.7611214396687109 0.04846383906040082 0.04785541327309895
1 0.5703610069671853 0.9486961879417811 0.02569105442066476 0.03360811224899938
1 0.6050154797568529 0.9355808784237137 0.02756605442066473 0.033753720667674354
1 0.9875 0.9758333333333333 0.025 0.035