1 0.023206661978611435 0.3458376984757158 0.03077044574527392 0.034997164167213365
0 0.041610811628908236 0.12228507080530197 0.03330680718159243 0.043466320425761464
2 0.05 0.2708333333333333 0.1 0.355
2 0.3675 0.2875 0.035 0.3283333333333333
2 0.4640162718944802 0.29643610326057496 0.05892900444731595 0.3306239272799382
2 0.536875 0.4166666666666667 0.06125 0.22666666666666666
2 0.6925 0.37333333333333335 0.0625 0.31333333333333335
2 0.960625 0.145 0.07875 0.29
2 0.73125 0.13333333333333333 0.0525 0.26666666666666666
2 0.5692231153768178 0.19486425133692042 0.05814765027114646 0.2947566382153011
2 0.62125 0.095 0.0525 0.19
0 0.35625 0.15 0.0125 0.04
0 0.3659631613577618 0.03169924161264464 0.013917262607064985 0.039080359422014176
0 0.45603588423039876 0.043476282971582035 0.02393180718159229 0.042956984456206326
0 0.46213358290253886 0.15150401472318228 0.01893180718159229 0.042685338605776904
0 0.6900844647128878 0.24247746186197777 0.02206407946885605 0.04452178392896201
0 0.728125 0.015 0.01875 0.03
0 0.5718208745501999 0.07386113934706874 0.02021089633064719 0.04941991673505091
1 0.46115307423597324 0.3566058819170933 0.01824135659621909 0.02765138287447324
1 0.6961207656479642 0.4797058160115483 0.022641809601641968 0.033722406326932436
0 0.9629981516775631 0.035938184884301234 0.018306807181592433 0.04265138287447324
1 0.5626280984364701 0.25940443104792754 0.01636272045258721 0.0267161823472289
2 0.685 0.05333333333333334 0.0425 0.10666666666666667
2 0.805625 0.695 0.07375 0.33
2 0.55125 0.9033333333333333 0.0875 0.19333333333333333
2 0.6354117176397541 0.7095402539731422 0.06215218032537578 0.3532937059364566
2 0.45875 0.8133333333333334 0.0925 0.37333333333333335
2 0.385 0.6083333333333333 0.0575 0.15666666666666668
2 0.490625 0.6125 0.05375 0.165
2 0.590625 0.6516666666666666 0.04625 0.24333333333333335
2 0.71375 0.5741666666666667 0.06 0.08833333333333333
0 0.542861228333586 0.8462663246040566 0.03275089391059744 0.05926569802779113
0 0.7625 0.9733333333333334 0.035 0.05333333333333334
0 0.79625 0.5375 0.025 0.015
0 0.626624939498758 0.5583150118134234 0.022714532474278997 0.05038907299359901
1 0.7962185248213465 0.7424802976947643 0.018266809601641967 0.03348471620780657
1 0.6263276091303018 0.7767162566093639 0.018266809601641967 0.033484716207806665
1 0.5941253562034357 0.7034479989058515 0.01636272045258721 0.0267161823472289
1 0.715 0.535 0.0175 0.01
1 0.6574172021058229 0.5949845143128766 0.017009537314378348 0.03175013807853257
1 0.48565128641477834 0.6293223404213873 0.018237720452587213 0.026818049541139904
1 0.38113811295676814 0.6033262808824345 0.020112720452587284 0.026919916735050908
1 0.45512082614920635 0.6526528379219341 0.022703624043383427 0.047889072993598916