2 0.46875 0.2875 0.1625 0.485
0 0.47560765269119615 0.08776948447375493 0.050279983059652124 0.06960861899240683
1 0.5125416643986611 0.3916468755058448 0.047085896330647185 0.05343516363871458
1 0.183991235593735 0.2584340633681749 0.02636272045258721 0.028690358304346925
1 0.21891487657746622 0.24474342999619306 0.02699135659621902 0.029591716041751967
2 0.574375 0.41583333333333333 0.04875 0.22833333333333333
0 0.558125 0.3433333333333333 0.01625 0.08
2 0.75 0.44166666666666665 0.0975 0.17666666666666667
0 0.7430644356722916 0.37787158984677127 0.024538626463433105 0.04015295175879828
2 0.6722867176397541 0.3351848321866633 0.07720672247985348 0.37073095289268204
0 0.6741176672114944 0.18212359646961696 0.02149725776696556 0.058979496405106226
1 0.6775921537048294 0.40572902741923733 0.023277718032537534 0.037516902950654865
2 0.5853131250570165 0.1599641310914282 0.059386741840251035 0.29549293624533957
0 0.5828890673686077 0.03392672454587962 0.017645445745273776 0.035238016647342364
1 0.5842340238077134 0.19899474894995137 0.01763090117074654 0.03190468331400913
0 0.56 0.37333333333333335 0.02 0.05
0 0.9275 0.005833333333333334 0.0125 0.011666666666666667
2 0.425 0.815 0.185 0.37
1 0.09921667649890953 0.8487061609844619 0.02950953731437835 0.03403048032470565
1 0.13665849820079998 0.8394542918954336 0.025134537314378348 0.03355430949620351
2 0.580625 0.6216666666666667 0.06125 0.18333333333333332
1 0.5787803392630879 0.5895557095993627 0.022659990319801294 0.039115545213249635
2 0.725 0.6108333333333333 0.075 0.16166666666666665
1 0.7136494380923414 0.5742489808788612 0.020156354176169487 0.03801011426362948