2 0.466875 0.3308333333333333 0.12125 0.13833333333333334
2 0.543125 0.145 0.02625 0.29
2 0.690625 0.29333333333333333 0.09625 0.21333333333333335
2 0.761875 0.25833333333333336 0.08625 0.2833333333333333
0 0.7521757532373574 0.14779029699875257 0.030023264651162833 0.05442161857371152
1 0.758125 0.385 0.02625 0.03
2 0.8096831887707647 0.19084387396224475 0.08138119432262897 0.345375340871197
0 0.7985636539165746 0.037248501732496254 0.020312020974529332 0.033810194482076006
1 0.8077671788999637 0.2546611554336911 0.021097228253968297 0.03718720096481187
2 0.6770639913621267 0.11430353203592016 0.06871546761166514 0.1725696288253791
0 0.6702700530527873 0.050708159806171646 0.024542642812846155 0.04407223337849123
2 0.644375 0.125 0.06125 0.25
1 0.6487778260317466 0.17378654123246012 0.0203120209745294 0.033810194482076006
2 0.716875 0.050833333333333335 0.05875 0.10166666666666667
1 0.7158233429974163 0.026483646011361703 0.01710691733480999 0.031925162068396656
2 0.79875 0.0375 0.055 0.075
2 0.5 0.7716666666666666 0.06 0.4033333333333333
1 0.525 0.8383333333333334 0.01 0.043333333333333335
1 0.1244018679808054 0.7211897156627799 0.023821710055371027 0.029072233378491224
1 0.19202202344038455 0.7284064157982536 0.02769186551495011 0.03183427227490644
1 0.3295620752602443 0.7388478420001445 0.027651813695090368 0.03100093894157311
1 0.4459238371354752 0.7752170348235441 0.025191865514950108 0.03165957967729639
2 0.7125 0.84 0.125 0.32
2 0.545 0.8016666666666666 0.03 0.39666666666666667
2 0.55125 0.5241666666666667 0.0425 0.24833333333333332
2 0.60375 0.5575 0.0875 0.315
2 0.7249141480546334 0.5866570975406474 0.0818776452787013 0.3686650010551277
1 0.7237190709413076 0.6654743790120938 0.022267124614248814 0.03560788059695028
1 0.6004348217128099 0.5887558009934738 0.022932176434108557 0.03648488707968606
1 0.535625 0.585 0.01125 0.03666666666666667
0 0.6967471801328914 0.7134217409901746 0.03358883466961998 0.06380665098739087
0 0.7170155459579186 0.448236417908509 0.02607300555186427 0.04999291301062963