2 0.090625 0.35583333333333333 0.06375 0.28833333333333333
2 0.26375 0.3516666666666667 0.05 0.2966666666666667
2 0.20625 0.3875 0.065 0.225
0 0.02032808633622164 0.32911196230948164 0.02015999031980126 0.03728734022281486
0 0.01125 0.4633333333333333 0.0225 0.05
0 0.08869265511124585 0.24291219432540762 0.02462225776696563 0.057423112563222196
0 0.16103993707870828 0.21016213596644473 0.023346804761542685 0.051550987132629685
0 0.19581127673457963 0.3020622519744077 0.025857713192438184 0.05412857132714824
0 0.26801674910039996 0.23681219361544484 0.027714532474278998 0.050020092806370445
1 0.2671198717373669 0.4609206721362226 0.021431807181592433 0.04232613232007414
1 0.089375 0.49 0.02375 0.02
0 0.1651794211519936 0.44275911620959285 0.02718770835233883 0.07250069675774076
2 0.610625 0.18833333333333332 0.08125 0.37666666666666665
2 0.475625 0.44 0.13125 0.12
2 0.311875 0.22416666666666665 0.04625 0.37833333333333335
2 0.36 0.13166666666666665 0.0675 0.2633333333333333
2 0.45875 0.1925 0.0675 0.385
2 0.540625 0.1025 0.05125 0.205
2 0.4125 0.065 0.045 0.13
2 0.63 0.0525 0.05 0.105
1 0.295625 0.305 0.01375 0.043333333333333335
1 0.45047758492980505 0.2905507536967781 0.020159990319801296 0.03728734022281477
1 0.35551716580507775 0.15345528368703726 0.01824862888348278 0.028895818743592563
1 0.614063958466372 0.2581325184377413 0.020784990319801296 0.03730673627144446
1 0.5245940020272662 0.09037827953233375 0.018266809601641967 0.033062485410259225
1 0.6287326526911962 0.0394507529868154 0.020141809601641966 0.0331206735561481
1 0.4137435611220917 0.03527851225822256 0.01761635659621909 0.027209756028296398
0 0.29625 0.0675 0.015 0.051666666666666666
0 0.4525 0.02 0.0275 0.04
0 0.609375 0.02 0.01875 0.04
0 0.4698384570599554 0.431132635155667 0.030992250506816532 0.0851170730495187
2 0.12125 0.5933333333333334 0.0625 0.18666666666666668
1 0.11791493707870827 0.582079557749815 0.016351812021691715 0.023837630597703687
2 0.379375 0.895 0.08625 0.21
2 0.738125 0.8733333333333333 0.07125 0.25333333333333335
2 0.6727185853225884 0.6751884995924821 0.05502628641477827 0.2941680601821482
2 0.44886355386194265 0.7873919848011115 0.0690089996072166 0.3479281065853333
0 0.7406549225584103 0.7772832728444822 0.02144271561248786 0.044826132320074145
1 0.4240999031980127 0.8407828095225929 0.017009537314378348 0.03135702664633338
0 0.3469190504282599 0.6250831582564447 0.016402718032537608 0.035504297264370405
0 0.3708621827454255 0.813300812055741 0.02267089875069679 0.03986492441733333
0 0.5486813299756725 0.6055147486304819 0.020218168617910804 0.050620673556148195
1 0.6760035756423898 0.7119521465022969 0.015719539734428026 0.02215156788240743
0 0.6677581661978611 0.540886060585408 0.016388173458010157 0.03217096393103704