2 0.17625 0.305 0.3525 0.61
1 0.174375 0.015 0.03125 0.03
1 0.373125 0.009166666666666667 0.03125 0.018333333333333333
2 0.515625 0.2825 0.07125 0.475
2 0.6874011072584838 0.35304847597487043 0.09324771480560173 0.4957006731062366
2 0.949375 0.075 0.07625 0.15
2 0.61375 0.045 0.0625 0.09
0 0.485 0.1125 0.01 0.055
0 0.5028501119032741 0.08211063731882651 0.0302048514119258 0.06778205274914323
1 0.489375 0.4141666666666667 0.01875 0.04833333333333333
1 0.6761797386653555 0.5524818654003902 0.02723202470304983 0.0460183959883481
0 0.6834951763530687 0.16003036044745433 0.03334803705457489 0.06873662370013695
0 0.5571368895758249 0.48466163744208474 0.039907192979609075 0.08314576560212458
1 0.9544092678283083 0.05043725866198618 0.020672868778015642 0.031609254086360276
2 0.601875 0.8416666666666667 0.09625 0.31666666666666665
2 0.745 0.695 0.0625 0.17
2 0.975 0.6916666666666667 0.05 0.16333333333333333
2 0.56125 0.6666666666666666 0.0675 0.11333333333333333
1 0.59125 0.985 0.02 0.03
1 0.7421801736608988 0.7163422317943816 0.01743875492212112 0.026488016468699888
1 0.9858143716550728 0.6835766118070626 0.016279683135366554 0.030606188088302417
1 0.5541145399316321 0.6636892314246069 0.01876149749271754 0.02986984484909745
0 0.5978597305888461 0.7194434097302959 0.02339109648980454 0.041706244180488836