1 0.5089960076529325 0.21899799970039063 0.026980448165323592 0.02604461209097565
1 0.36838918837109175 0.2246577916492942 0.02636272045258721 0.027667605608239776
1 0.2996682775201465 0.22279517141690627 0.025141809601641966 0.03424692597610137
1 0.6288651064821861 0.24061275501510404 0.029516809601641967 0.03455263802191913
1 0.6934219136637784 0.19444775395997632 0.02388453731437835 0.03249291301062963
2 0.86 0.325 0.28 0.65
0 0.76625 0.014166666666666666 0.085 0.028333333333333332
2 0.02625 0.8116666666666666 0.0525 0.3233333333333333
1 0.00875 0.8583333333333333 0.0175 0.03666666666666667
2 0.05875 0.785 0.0625 0.27
1 0.04770601007298218 0.7996093339368819 0.02138090117074647 0.03148488707968625
2 0.129375 0.84 0.07625 0.32
0 0.12808416901069428 0.7073525041466909 0.022710896330647115 0.049905566711824556
1 0.12265468735745863 0.9493248828591754 0.024542262607064984 0.04003658616003217
2 0.25125 0.7791666666666667 0.0825 0.25833333333333336
1 0.2495228317748726 0.7988362400131968 0.022020445745273776 0.034861893562422024
2 0.3775 0.7691666666666667 0.0725 0.23833333333333334
1 0.3793919306041261 0.8197522249374696 0.021402718032537536 0.036484887079686244
2 0.4825 0.7725 0.0825 0.245
1 0.4732691956312408 0.7840345858604229 0.020149081888905726 0.03556420744754784