2 0.681875 0.265 0.23625 0.53
1 0.727944321356868 0.3745434144490025 0.10320126957867273 0.11236554654270359
1 0.02419514655977281 0.11162669133750285 0.0322958236374216 0.04029707247774051
1 0.14571301843839607 0.09443025106334896 0.03198971381909871 0.035297072477740506
1 0.18052172558953508 0.07777539416269898 0.028239713819098712 0.03494743841802271
2 0.593125 0.07583333333333334 0.09375 0.15166666666666667
2 0.509375 0.7908333333333334 0.58125 0.41833333333333333
0 0.4991317604948172 0.6737553789627438 0.12604561733669528 0.1302384118910558
1 0.10214142777353978 0.9244820361585294 0.027882585697722107 0.029114105084689566
1 0.2242842996521631 0.9072273235410895 0.025905549091614404 0.027272621388163998
1 0.257587915288033 0.8865223446603452 0.026683604000775886 0.029830893731450297