2 0.538125 0.51 0.09875 0.11666666666666667
2 0.47102148634629337 0.33265275047141896 0.064261266709089 0.4223190839654338
2 0.61625 0.4241666666666667 0.0775 0.28833333333333333
2 0.736875 0.40166666666666667 0.09125 0.3333333333333333
2 0.86125 0.36 0.08 0.4166666666666667
2 0.5295469135582564 0.20979169488908317 0.052095365372361896 0.38787857610966153
2 0.5755641924888748 0.2321462081525667 0.06278581817312542 0.39636920594552794
2 0.6724682826225475 0.21978066160986326 0.05470445337363458 0.4006116654828065
2 0.38625 0.1125 0.0325 0.225
2 0.47 0.0275 0.0525 0.055
1 0.8477647049968396 0.45573131611656587 0.02093771893698147 0.03775632066177991
1 0.6718937524825114 0.2856139949431966 0.023372266136217946 0.030489410034924922
1 0.5643646623488388 0.29897017132176645 0.01967317387014532 0.03597310930854064
1 0.5196410186187295 0.27149911337171045 0.02283453653723612 0.04043113769163862
1 0.47471286820498465 0.4105781774017485 0.02538544427116342 0.04649756039811696
1 0.37375 0.14333333333333334 0.0075 0.03666666666666667
0 0.71375 0.008333333333333333 0.0225 0.016666666666666666
0 0.78 0.0075 0.02 0.015
0 0.8431014309038923 0.05982218991262054 0.02862680480585425 0.060122255447881606
0 0.865625 0.015 0.02375 0.03
0 0.5328764202418921 0.04295021119255774 0.02916453440483622 0.05018052779116791
0 0.5695405167727648 0.06367880960533512 0.028503171737745275 0.045955588781214946
0 0.5345669796626578 0.4932590934363147 0.04056725760661792 0.06872942997032055
0 0.614756941279457 0.3209167781822461 0.031780894939526974 0.06374695049764625
0 0.7393937524825114 0.2793205818682806 0.03308907520687228 0.07053016185088552
0 0.7464655487587655 0.18457119176875145 0.02742771253978148 0.06583904409464253
0 0.866320098090402 0.1900495685244564 0.029259077339272608 0.061013861124501245
0 0.47954007889880157 0.14367842136193681 0.02406271893698161 0.03804768237821122
0 0.6721059695735285 0.046622145306388724 0.026729987205599742 0.0574474384180229
0 0.618508254901347 0.10574196115238739 0.022296806938254293 0.05037286534835232
0 0.639375 0.020833333333333332 0.02625 0.041666666666666664
2 0.4390382740929473 0.20490785133225733 0.05585991043919819 0.3898948768360457
1 0.4303532890197477 0.2698320584616454 0.02158453653723619 0.04031459300506621
0 0.44234596317632835 0.040566367635731904 0.023619532272436104 0.058822743368258254
2 0.145625 0.7458333333333333 0.16375 0.355
1 0.123463306078948 0.744996618699081 0.04726771680458171 0.049370425746469285
1 0.2330860100891293 0.634857230967272 0.026468176002545363 0.0274474384180229
1 0.29342781915978366 0.5900964193451245 0.02461499360279987 0.029772621388164094
2 0.78 0.6391666666666667 0.2225 0.14166666666666666