1 0.393125 0.46166666666666667 0.03375 0.043333333333333335
2 0.365 0.3441666666666667 0.09 0.37166666666666665
1 0.05013656057357096 0.35686796227457135 0.025410761783658416 0.032035141693187746
1 0.16856749037582383 0.3492019505198572 0.024785761783658416 0.03202544498196346
1 0.2031041670101883 0.3336783281137484 0.029160761783658416 0.032093321960533105
1 0.9098746262113315 0.2780833257373636 0.06070355119041722 0.05006846081052079
2 0.899375 0.23833333333333334 0.19875 0.4766666666666667
1 0.6003330841408876 0.09553834517294874 0.024610944753799515 0.028692111648630128
1 0.6614082671110288 0.09792140080630683 0.028710578813517032 0.035416958582642245
1 0.7920332671110288 0.09589478816044125 0.02808557881351703 0.035407261871417954
2 0.035625 0.7008333333333333 0.07125 0.3416666666666667
2 0.11625 0.5916666666666667 0.095 0.12333333333333334
1 0.111875 0.5408333333333334 0.02125 0.021666666666666667
1 0.00875 0.7433333333333333 0.0175 0.043333333333333335
2 0.708125 0.7408333333333333 0.23375 0.4216666666666667
1 0.7435372176964021 0.7535681612985754 0.06305929802252848 0.05926421761086014
1 0.4347606457228649 0.6159746971780394 0.024610944753799515 0.028692111648630128