0 0.330625 0.3433333333333333 0.02875 0.05333333333333334
0 0.35382606327794675 0.0653480810861242 0.02817591515269072 0.04405583274140326
0 0.2598078819482341 0.18418302246379734 0.026543226304605552 0.05798941003492492
0 0.32073909491692015 0.15423519580237616 0.029260079880175028 0.05161410508468956
2 0.895625 0.185 0.20875 0.37
1 0.97 0.31833333333333336 0.06 0.08333333333333333
1 0.7495652613452299 0.025511088349966352 0.028035640606883447 0.031614105084689564
2 0.0425 0.905 0.085 0.19
2 0.010625 0.5116666666666667 0.02125 0.25333333333333335
0 0.0075 0.8408333333333333 0.015 0.055
1 0.001875 0.5491666666666667 0.00375 0.025
2 0.41125 0.8133333333333334 0.0825 0.37333333333333335
0 0.3775 0.665 0.015 0.06
1 0.38125 0.9733333333333334 0.0225 0.04666666666666667
2 0.505 0.8783333333333333 0.1275 0.24333333333333335
0 0.48811077553156224 0.7918525169757453 0.038418226304605556 0.059096584557363864
0 0.53875 0.9783333333333334 0.0425 0.043333333333333335
2 0.715 0.8458333333333333 0.1225 0.30833333333333335
0 0.7151518171048042 0.7243631620115669 0.03191313478933637 0.05434719445783458
2 0.5686979501933151 0.6261936124288724 0.09039443770780835 0.39040180739829644
0 0.5547442895825523 0.4591773117024882 0.027754988364905985 0.047330893731450295
1 0.5681747804986965 0.7090024946726294 0.025522860243529236 0.04132274336825825
2 0.6681747804986965 0.7183260695984308 0.09892758413223873 0.3978260145276844
0 0.654119083281826 0.54964310220538 0.03019118969849785 0.05667237742797577
1 0.6629832813491093 0.7857853177824704 0.026096841940475315 0.04054768237821122
2 0.596875 0.5341666666666667 0.07375 0.3283333333333333
0 0.585625 0.39 0.02625 0.04
1 0.6004582363742164 0.5968403189663304 0.018290732122152563 0.034848414258776
2 0.5525 0.4075 0.0525 0.075
2 0.671875 0.4425 0.07125 0.145
1 0.673162722187884 0.4445322682801166 0.01871165890993723 0.03157335326872897
2 0.7375 0.5033333333333333 0.0775 0.26666666666666666
1 0.7383792663123643 0.565784929539072 0.02126267721299115 0.03263977597520731