2 0.30125 0.2833333333333333 0.07 0.29333333333333333
2 0.038125 0.2825 0.07625 0.295
2 0.148125 0.2825 0.08375 0.295
2 0.213125 0.2791666666666667 0.06625 0.3016666666666667
2 0.08625 0.24916666666666668 0.0675 0.3616666666666667
1 0.0878601236792025 0.3316267782165723 0.02152635626989081 0.03381363828562276
1 0.19737286394018455 0.3985738469892082 0.0209159013367271 0.03541715872820267
1 0.3004687738065118 0.41232630729688763 0.02152635626989081 0.033813638285622956
0 0.02834869704011027 0.0545419686986313 0.029171806938254292 0.05123805964133282
0 0.042352359961819915 0.1702241447433847 0.026134077339272466 0.06092232852089808
0 0.08431506823680138 0.09272512886645642 0.020966809070654336 0.04125049206153581
0 0.14934372049651073 0.16768881572891914 0.023023622406108758 0.06227326406713009
0 0.20632780849778343 0.16093512212083122 0.024164534404836218 0.049899556515303894
0 0.29825371623171065 0.164384283728279 0.024091809070654335 0.04156622318197056
0 0.29263642663909223 0.0912528214874095 0.024738626670908842 0.04412936940605751
0 0.31680823357734655 0.045319044669380165 0.026075897071926875 0.05425566185423141
0 0.204375 0.005833333333333334 0.02125 0.011666666666666667
0 0.165 0.016666666666666666 0.0225 0.03333333333333333
0 0.12917005544240112 0.04220851077662966 0.022311352005090726 0.052210117843043045
0 0.080625 0.015833333333333335 0.01875 0.03166666666666667
0 0.71 0.37666666666666665 0.0425 0.10666666666666667
1 0.6760715183322941 0.3616650596002532 0.02283453653723626 0.04060659740046333
0 0.6786314500954927 0.06833172626691986 0.022296806938254293 0.05054345117637638
2 0.67125 0.23333333333333334 0.06 0.3933333333333333
0 0.53625 0.005 0.025 0.01
1 0.5208105828771662 0.2325451702451833 0.023474081604072553 0.042336410291216944
1 0.7050414458306926 0.05265053434523826 0.018401356269890812 0.03349790716518811
2 0.5275 0.16416666666666666 0.075 0.3283333333333333
2 0.701875 0.07583333333333334 0.05875 0.15166666666666667
2 0.32235875674731146 0.6856308392975278 0.12869444697643445 0.4359625781507225
0 0.3321273492998197 0.4981184068773247 0.047274989337999784 0.05056930013985427
1 0.333855147135603 0.8018937637792667 0.04539271680458157 0.04954652813425999
1 0.10132693274985684 0.6382770759707488 0.023357721069381655 0.029003076957883612
1 0.13522238341822038 0.6250203054047773 0.02336499360279987 0.029836410291216944
1 0.593412836218984 0.8475566185423146 0.02397544853596351 0.028232889848637227