0 0.16049405289906715 0.09088823904091627 0.046043332594130675 0.05317876978569662
1 0.15771074993970813 0.3693670230426132 0.044429311547443145 0.0448260430299149
2 0.148125 0.28 0.17875 0.44
0 0.42347344448039226 0.09830388779965346 0.0341016926054246 0.03717089565032704
2 0.5825 0.3258333333333333 0.0775 0.34833333333333333
2 0.891875 0.4075 0.20125 0.185
2 0.873125 0.1225 0.09625 0.245
2 0.63625 0.1025 0.065 0.205
2 0.52875 0.059166666666666666 0.0575 0.11833333333333333
0 0.5884728612612724 0.17855191546782614 0.02442931154744315 0.04451574827073917
1 0.5828434466980004 0.4219628224909534 0.024581084186749536 0.033692111648630126
0 0.9167082340135182 0.3529257160619083 0.03045473469879937 0.05376968533842387
2 0.594375 0.019166666666666665 0.05125 0.03833333333333333
2 0.094375 0.5758333333333333 0.09375 0.15166666666666667
2 0.93375 0.75 0.1325 0.5
1 0.96625 0.8591666666666666 0.0675 0.075
2 0.838125 0.6591666666666667 0.13875 0.31833333333333336
1 0.8347721750263238 0.671732436749376 0.04759071365211184 0.0457078599193693
1 0.5468286023305476 0.5772040726076572 0.025758279977412143 0.03204483840441185
1 0.6140737875978666 0.5840846507532081 0.03016968208208084 0.03294604871631492
1 0.7490737875978666 0.5861791403776434 0.029581084186749537 0.03376968533842406