2 0.1775 0.13 0.15 0.26
1 0.19128075596776553 0.14597068556814408 0.04770362404338357 0.04924730224574603
2 0.26 0.63 0.42 0.74
1 0.18062022794080249 0.8951245538562036 0.10485497095940381 0.11567060712771383
0 0.455625 0.8175 0.02875 0.165
2 0.490625 0.44666666666666666 0.04125 0.3566666666666667
2 0.6197685369215948 0.45244488691599977 0.06340581646900759 0.35419495073239715
2 0.836875 0.8291666666666667 0.13625 0.3416666666666667
2 0.564375 0.315 0.04125 0.11
2 0.671875 0.355 0.05375 0.19
0 0.475 0.30666666666666664 0.01 0.05
0 0.6110290286478127 0.31205297808961424 0.022060443325224242 0.043688450595628675
1 0.6082389705666204 0.5322567124774362 0.019534990319801295 0.03771929433708048
1 0.5648372069459223 0.32789903553941957 0.01574499273985097 0.028348893282591898
1 0.6644849177183108 0.3850000742621351 0.018263173458010158 0.032651382874473237
0 0.8553834619000547 0.7238781543437882 0.03651180234149308 0.06196943241561314
0 0.8309102860219949 0.7027024278646316 0.03965134691602032 0.0654725444054649