2 0.571875 0.17 0.27625 0.34
1 0.03233659088108204 0.19834750731207407 0.029062869046151914 0.029421618573711613
1 0.17013007320462556 0.18286240796078063 0.02723522871421707 0.03012393245883724
1 0.2905182748642996 0.17026682345942484 0.027187869046152002 0.029290599125503906
1 0.32519608150299534 0.15111078727681368 0.02521814971002158 0.027492913010629536
2 0.938125 0.17 0.12375 0.34
1 0.9625 0.25916666666666666 0.075 0.09833333333333333
2 0.266577360007431 0.6678872124235768 0.08102769262095308 0.37419262234264317
2 0.179375 0.5033333333333333 0.10375 0.32666666666666666
2 0.43375 0.825 0.115 0.35
2 0.5000804992596488 0.6030454286160857 0.0808569025789967 0.3492799686414484
2 0.3569353744447366 0.5243638613007123 0.07324279652025809 0.31388691029682547
2 0.496875 0.46 0.12125 0.24
2 0.3775 0.4116666666666667 0.0525 0.14333333333333334
0 0.15939512481491222 0.36079913945480596 0.01953646572680398 0.03705618151660429
0 0.2498802600876281 0.5176216300324765 0.026686299420043014 0.05332624634396296
0 0.35103406456689 0.39844318166857395 0.02207450107971695 0.04885386763147854
0 0.40659305626852027 0.4154769510038868 0.01862730771841271 0.03201250836720173
0 0.49275839933984594 0.4521247489839472 0.021837702739390893 0.04468720096481192
0 0.4161238881416911 0.737755041762189 0.04018085244941233 0.0716997093320136
0 0.42597174673003935 0.6902149121074717 0.03311641377715148 0.06788597135525246
2 0.41657588382282335 0.5469689250729433 0.06463487552445357 0.3157754862051901
1 0.046350624074561086 0.7234348536108791 0.034867983403260486 0.04393767043559838
1 0.2113010501295844 0.5454167115942388 0.015028711037760658 0.023460809286855806
1 0.38405502091560734 0.4053388445663088 0.016468149710021578 0.02688148891899412
1 0.3619554992596488 0.6126971946340457 0.020407588382282425 0.030476861148742766
1 0.25892669478038693 0.7320066624461559 0.024157588382282356 0.030738900045157985
1 0.4212215598470369 0.959945786221686 0.028807422075521318 0.04683427227490635
1 0.485327360007431 0.6526016101326899 0.020549667386478062 0.032976861148742674
1 0.4065579732848226 0.6246400741758683 0.02107994805034764 0.031353867631478544
1 0.5441411540288893 0.46192055721567526 0.017093149710021578 0.0269251620683967
2 0.935 0.7941666666666667 0.1 0.4116666666666667
2 0.726875 0.8125 0.03375 0.375
2 0.8475346157761914 0.6961072437821285 0.09013792133517015 0.4030500334688071
2 0.76435219370067 0.6567410800550555 0.08516589428062701 0.3703316677217943
2 0.961875 0.5391666666666667 0.07625 0.315
0 0.740742058427954 0.49524556249131374 0.02260478174358653 0.047230874114214505
0 0.7919346363524329 0.44648967164269576 0.024053544730999618 0.03986189356242202
0 0.7449362059785417 0.42551114488241415 0.026544220415847378 0.05082624634396296
0 0.8126442932811071 0.402373765114802 0.022083825394869194 0.038064207447547745
0 0.8436962683859979 0.4629521465410905 0.027169220415847378 0.0508699194933655
0 0.9185728380121069 0.43345735564731463 0.028173097760369074 0.0575802593094347
0 0.9435914866424113 0.40995641670574157 0.024479781743586528 0.04736189356242202
0 0.9240300003393658 0.6288504139919375 0.030142817096499356 0.05937794542430898
0 0.8339338048186278 0.5230359493452105 0.025682422075521315 0.04661590652789376
1 0.7539647301332999 0.7168685560085779 0.024773264067130044 0.04157223337849132
1 0.8420531709649947 0.8094370336207768 0.024867983403260466 0.043238900045157985
1 0.9299808841621892 0.9212595241984471 0.025540343071325678 0.04411590652789376
1 0.9656682019990397 0.6217576463153011 0.018674667386478064 0.03284584170053506
1 0.7934903953603439 0.6505217753664697 0.01718786904615186 0.028591828735063322