0 0.114375 0.43916666666666665 0.04375 0.021666666666666667
2 0.809375 0.10083333333333333 0.07375 0.20166666666666666
1 0.8135300725016015 0.1106031127004627 0.020276356269890813 0.03259788718644662
1 0.1312469348822569 0.5138385941722665 0.032827264003818045 0.03901323334464223
1 0.25689375248251145 0.5054893652823987 0.028997266136218086 0.029671962830517106
2 0.751875 0.5425 0.07625 0.185
1 0.7526573684914202 0.542206267790826 0.018430446403563394 0.03584391859605053
2 0.8575 0.545 0.0775 0.19
1 0.8423087247613108 0.5063782094263927 0.022144083736472597 0.0318518557768427
2 0.64875 0.6541666666666667 0.09 0.4083333333333333
2 0.874375 0.8566666666666667 0.10625 0.2866666666666667
2 0.9560137759389119 0.7209945907964149 0.08428352218330673 0.49455821541245315
0 0.6476578063653834 0.47545760949424715 0.026591809070654334 0.04038889359887785
0 0.677466093252731 0.925552841533785 0.03633043574156318 0.08249206988419132
0 0.7224806383195673 0.9217909286976135 0.04141043360916313 0.09189154168080298
0 0.7213483124761482 0.693603098570496 0.033786800541054166 0.07737566731921902
0 0.878186511935094 0.7621030703105621 0.04126498294079965 0.07522487501413631
0 0.959525095958002 0.5334072888726856 0.02943361814130867 0.07967196283051702
1 0.6447997007320394 0.8029576094942471 0.022202264003817904 0.03851852244350918