2 0.453125 0.37833333333333335 0.13625 0.24333333333333335
0 0.46471761042013554 0.2763191114320968 0.03585960198495968 0.04276665053300197
1 0.430625 0.48833333333333334 0.03875 0.023333333333333334
1 0.22475533647408155 0.45822929888669384 0.029652405128112635 0.026056350142753218
1 0.26107724946007704 0.44210992225432183 0.02803939371369381 0.03354180556822598
0 0.04375 0.31083333333333335 0.0875 0.13833333333333334
2 0.610625 0.43916666666666665 0.08375 0.12166666666666667
2 0.663125 0.3458333333333333 0.10375 0.30833333333333335
0 0.5911063593029194 0.4255989533221843 0.03714043507002259 0.07943331719966863
0 0.6701816446633921 0.2374347510854336 0.031616457898860376 0.06439453166759582
0 0.6491199970207571 0.2250947414052349 0.028200359470436923 0.05603695737671671
2 0.3375 0.75 0.4625 0.5
0 0.61 0.9825 0.045 0.035