0 0.19728148888325123 0.5204865599087334 0.0447389513914527 0.11672833283679286
1 0.16281629165128408 0.5008130249765052 0.02432193952845452 0.04060275224688894
0 0.17190793870784318 0.20331302497650508 0.024002541110187677 0.050563939123099144
2 0.160625 0.3775 0.07125 0.405
0 0.03016981578758596 0.1285526731715199 0.025648339923887847 0.04318037849446853
1 0.01 0.37583333333333335 0.02 0.041666666666666664
1 0.19934320827435387 0.18664865596613278 0.019743205140632512 0.033664393713693716
2 0.03 0.2783333333333333 0.06 0.38666666666666666
1 0.08569082171908506 0.0944294149412317 0.018365871148243684 0.029420100799447464
2 0.196875 0.14333333333333334 0.06625 0.2866666666666667
2 0.886875 0.29 0.22625 0.58
1 0.9625 0.395 0.075 0.08666666666666667
1 0.7174841319854776 0.12333587802284152 0.025865871148243683 0.02988585828492508
1 0.7523430011565551 0.10963726649794665 0.027715404349766003 0.029168964322961035
2 0.051875 0.8141666666666667 0.10375 0.37166666666666665
2 0.29625 0.695 0.08 0.23
0 0.04069616675386051 0.6665800968271236 0.033708609490398514 0.0619794693132792
0 0.14127448690608488 0.7563175955857724 0.04387308024320902 0.08839499950345953
2 0.585625 0.7225 0.08875 0.285
1 0.28107816873102687 0.6689843363624032 0.021694605536065836 0.0362808330850631
1 0.5697655651721274 0.7094548126770761 0.02632427352084335 0.044885858284925084
2 0.863125 0.8008333333333333 0.23375 0.3983333333333333
0 0.8408786323957833 0.6411281252794121 0.07443547668430937 0.06783565569294903
1 0.6985516106469535 0.7700504249218684 0.02344227154367701 0.03223060578976572