2 0.021875 0.135 0.04375 0.27
1 0.003125 0.115 0.00625 0.03666666666666667
2 0.686875 0.275 0.49625 0.55
1 0.33 0.195 0.02 0.03333333333333333
1 0.3966479956678058 0.19136991240063955 0.031206881458888915 0.03595005223083566
0 0.888125 0.5041666666666667 0.05625 0.09166666666666666
2 0.166875 0.6458333333333334 0.14375 0.19166666666666668
1 0.17455635782563916 0.596559194743445 0.048285539969500066 0.049058584412452526
1 0.4476912017473612 0.6540029323489593 0.027485975531833306 0.03729630433862444
1 0.5164702958203057 0.6497953321028659 0.02934642849536118 0.036623178284730024
1 0.6576330136014724 0.6327263837184677 0.034506445896555535 0.046217064363233785
1 0.7838102784191112 0.6177724269029141 0.030698257750666754 0.04256331647102262
1 0.8229234317626113 0.5994080740346969 0.02931733442241665 0.03495651161806334