2 0.114375 0.3275 0.22875 0.565
0 0.0275 0.1225 0.055 0.15166666666666667
2 0.450625 0.39416666666666667 0.11125 0.43166666666666664
0 0.45783537782599204 0.21256522734201422 0.03756047668430952 0.06471544217466278
1 0.4375 0.6008333333333333 0.0325 0.018333333333333333
2 0.5 0.17666666666666667 0.0925 0.35333333333333333
1 0.48952044027470387 0.24049276523234983 0.026273339923887848 0.04263656760795054
2 0.580625 0.125 0.08125 0.25
1 0.5713773896889901 0.14188128653072737 0.025648339923887847 0.04261232008441842
2 0.7169090299934388 0.3143916063686293 0.1078564794820872 0.5060886334827502
1 0.7155497465867637 0.42029768227255887 0.03025254111018768 0.05028205274914323
2 0.9023027019325491 0.28821129247726446 0.10249994430339854 0.49422798662782685
0 0.9014240695367658 0.0712536555282126 0.02962754111018768 0.050257805225611116
1 0.9018740201076071 0.3841416159047262 0.03275254111018768 0.0503790428432715
2 0.640625 0.055 0.07875 0.11
1 0.6325 0.008333333333333333 0.0225 0.016666666666666666
1 0.3675 0.7791666666666667 0.025 0.035
1 0.04748625886006753 0.7485682933400721 0.030622873125410094 0.04197296693934182
1 0.19524092684484506 0.7459573755603136 0.03161820514063251 0.033688128653072906
1 0.3267455948296227 0.7427160221687206 0.02596773834215469 0.032636567607950535
1 0.3610303975976555 0.7265253884394538 0.026669138737588013 0.03516081513148265
2 0.469375 0.8391666666666666 0.17875 0.32166666666666666
0 0.46321628851756275 0.7218748740736793 0.06361841225843136 0.07987625730614543
1 0.6516787375215434 0.8409855304646997 0.04442380672236567 0.044173079123714654