2 0.36875 0.29583333333333334 0.1575 0.36833333333333335
1 0.3183235718715385 0.3876179068275032 0.04883753917312674 0.044108819538523296
1 0.003125 0.2625 0.00625 0.028333333333333332
1 0.06167953115540726 0.2735291970439105 0.030031658235511287 0.028675631539183257
1 0.2008142202362489 0.2882683093606756 0.029991606415651545 0.027842298205849925
2 0.849375 0.36583333333333334 0.21625 0.22833333333333333
0 0.8627367075895158 0.2965922532782778 0.06430976742709504 0.08090296215871244
2 0.095 0.7825 0.1125 0.435
2 0.355 0.7525 0.11 0.495
0 0.09663300185308145 0.5849054768566805 0.029598523750461538 0.058544612090975647
1 0.07500406107788692 0.9696871111096679 0.028797487353267003 0.041877945424308984
1 0.37213328501291854 0.8416181190991104 0.02742733189368778 0.03929059912550391
0 0.3735070438021404 0.5390343162949905 0.028573005551864414 0.050167605608239775
2 0.1325 0.64 0.0975 0.32
2 0.6575 0.7025 0.055 0.365
0 0.6425 0.5466666666666666 0.025 0.05
1 0.63625 0.7766666666666666 0.0125 0.03333333333333333
2 0.7614224330675521 0.7191264471568053 0.08570031338501352 0.33155805939975047
0 0.7683914497231448 0.5741264471568053 0.022387280073828036 0.03810788059695028
1 0.7586113701439637 0.8167574666050128 0.022892124614248815 0.03565155374635291
2 0.864547433067552 0.7263325168082233 0.09623681616094572 0.3563798233074552
1 0.8518881838390543 0.7940107529005187 0.021602072794389072 0.03473087411421441