1 0.23574219000557448 0.10060252632034718 0.026980448165323592 0.027301677109679002
1 0.0950990092874153 0.11283998406479129 0.02636272045258721 0.028895436556740605
1 0.025694920138360545 0.11426601877427255 0.025141809601641966 0.03541628878419743
1 0.35649809117632086 0.1165314329365944 0.02952044574527406 0.03675997265476534
1 0.4213162839947286 0.06728241543101433 0.02388453731437835 0.03360380767832093
2 0.056875 0.525 0.05125 0.19
1 0.05888859016268789 0.5316829121704207 0.016388173458010157 0.03356225437639504
1 0.5198376236506 0.7421792844987164 0.03013817345801016 0.03516621320770355
1 0.5910876236506 0.7338678614637537 0.029524081888905727 0.03759330598809868
1 0.737937170645177 0.7109013315232602 0.03076317345801016 0.03523912042730861
1 0.8704117176397541 0.6896116676336803 0.02700590117074654 0.033135010443012335
1 0.9065889947671173 0.6687163822299274 0.028255901170746542 0.03328082488222217