2 0.18375 0.28 0.2575 0.4
0 0.1764695790662521 0.11667728603769435 0.07232357047816791 0.07019147511206271
1 0.017647941295154224 0.28414271867626034 0.02675346524473099 0.026827481798149318
2 0.516875 0.3025 0.05375 0.355
2 0.616875 0.28833333333333333 0.10625 0.38333333333333336
2 0.7435535793486008 0.24877790305174471 0.09392909442774452 0.43624303615718496
2 0.5625 0.1325 0.0675 0.265
1 0.61875 0.45916666666666667 0.03 0.041666666666666664
1 0.7264545857190767 0.3249111242007052 0.021565290500755906 0.036609254086360274
1 0.5594630487461995 0.1347884842783848 0.024362671558737076 0.029230491704020853
0 0.504375 0.16083333333333333 0.02875 0.06166666666666667
0 0.6263380487461994 0.13738296929631919 0.03478716837349907 0.06790329036680362
0 0.6366286823644295 0.04512544453164016 0.02898015785015545 0.0635183959883481
0 0.7540620423757235 0.06554155981253974 0.03063674522214299 0.05859113855894445
2 0.433125 0.6058333333333333 0.11375 0.25166666666666665
2 0.36625 0.5383333333333333 0.1125 0.11666666666666667
2 0.568125 0.5666666666666667 0.09625 0.17333333333333334
1 0.5611560382228558 0.5257430552293787 0.022008279977412143 0.03246683494322573
0 0.994375 0.8766666666666667 0.01125 0.09