2 0.16625 0.14916666666666667 0.1975 0.29833333333333334
1 0.1965785792691041 0.08659852577435553 0.05939826465116283 0.05780278323904952
2 0.3525 0.10333333333333333 0.1825 0.20666666666666667
1 0.3604571283130316 0.047881293813449875 0.05369316101144335 0.05561166548280653
2 0.789375 0.2525 0.12125 0.255
2 0.914375 0.16916666666666666 0.08375 0.3383333333333333
2 0.868125 0.0825 0.07625 0.165
0 0.7781983972831312 0.18939443352190086 0.03187404194905881 0.06768052779116791
1 0.9047846409597646 0.19768169252136297 0.023012280073828037 0.038647926338399356
2 0.174375 0.69 0.34875 0.62
0 0.29053339974898634 0.8107598699231114 0.07627974213362904 0.16307662442815513
1 0.7619987587892217 0.6129151701379063 0.02815665823551129 0.029172377427975866
1 0.8309890697083802 0.6115052123764179 0.028821710055371028 0.030063983104595307
1 0.9743944324473982 0.6039941790971979 0.026401813695090367 0.031497560398116964