1 0.13945373043781514 0.057497667123520654 0.027000704206179834 0.036989981721890976
1 0.009375 0.055 0.01875 0.03666666666666667
2 0.6725 0.04416666666666667 0.0625 0.08833333333333333
2 0.673125 0.18583333333333332 0.10625 0.24833333333333332
0 0.6636809018536389 0.10428450770084358 0.033376408412359664 0.07237827083835763
0 0.6863225517859022 0.046225953283176344 0.026798859791840643 0.06355957610944112
2 0.768125 0.2325 0.08375 0.155
0 0.7592926137485695 0.1906345230221415 0.029036820895425423 0.057087054001007685
2 0.4102690809582136 0.5457703572289884 0.08756723654387429 0.3889635255220984
2 0.16625 0.43416666666666665 0.065 0.24833333333333332
2 0.29 0.4525 0.0675 0.285
2 0.4725 0.41583333333333333 0.07 0.21166666666666667
2 0.061875 0.4058333333333333 0.06125 0.19166666666666668
2 0.21625 0.4066666666666667 0.055 0.19333333333333333
0 0.285625 0.31583333333333335 0.02625 0.011666666666666667
0 0.19125 0.9641666666666666 0.04 0.07166666666666667
0 0.36783365988107397 0.9404231629167314 0.04297803482570913 0.0947244434588409
0 0.1217890927176704 0.48265893583838637 0.0278850854815812 0.05948998172189116
1 0.06528768430531073 0.4084848278363709 0.015982645861557076 0.026164867349399684
1 0.17034522116637288 0.4656599575301603 0.01795591044771271 0.028810475768074658
1 0.2135136065124803 0.40670309571791763 0.015884381275401295 0.023664867349399685
1 0.2924167503386843 0.48012450474403257 0.019929175033868488 0.031456084186749535
1 0.3744634975119854 0.44329501411151406 0.014634381275401438 0.02356779507028307
1 0.4079877345085213 0.6145487347791885 0.01959896879233554 0.03890754804719127
1 0.4772636065124803 0.4271853466115285 0.017726626413349322 0.022977142434741228
1 0.09831966756982474 0.9635251450150875 0.039825595205685 0.06207883504016574
0 0.4036499412027157 0.39322182108943005 0.02061702713695837 0.048956084186749536
2 0.6986596408855279 0.7671982313253289 0.08368355947465289 0.4011237725451902
2 0.8012109990946769 0.6654979111898015 0.07217152057823767 0.3935834553664737
2 0.8985525400264452 0.6373332879066826 0.07372428719974636 0.3538261360642654
1 0.7875185359557392 0.7134511743675103 0.020619684757972295 0.033171286992974655
1 0.8827230379910922 0.6784742759990497 0.019994684757972152 0.03312275085341639
0 0.6919776490269401 0.5971982313253289 0.024334272274906397 0.04841396769076615
0 0.795219516960193 0.4972131139960265 0.023676517412854564 0.047532098217874554
0 0.6815129023063006 0.42607368115464567 0.022789478516439345 0.04081689541164953
0 0.7672388245134701 0.4194383350803604 0.02022396879233554 0.03895608418674963
2 0.63875 0.44416666666666665 0.0375 0.2683333333333333
0 0.8806533030299094 0.46729297072796633 0.019896420171816656 0.030622750853416203
0 0.8920697349611828 0.45654849071290765 0.023676517412854564 0.047532098217874554
2 0.97 0.4683333333333333 0.06 0.2966666666666667
1 0.628125 0.4708333333333333 0.01625 0.025