2 0.013125 0.31 0.02625 0.3333333333333333
2 0.043125 0.4058333333333333 0.08625 0.22833333333333333
2 0.181875 0.41333333333333333 0.09625 0.21333333333333335
2 0.25875 0.11333333333333333 0.0425 0.22666666666666666
2 0.101875 0.09083333333333334 0.04875 0.18166666666666667
0 0.02898968279039753 0.31964937373645524 0.023154564934808164 0.051572233378491227
0 0.04542514285525982 0.33495154228758783 0.015785477921769767 0.06104815558566088
0 0.18408786753061876 0.3379803147882838 0.02689365551922805 0.051000938941573114
1 0.10678914415514228 0.10944987667604887 0.014724101298564279 0.027671149102924963
1 0.2659755207783478 0.15387618995762592 0.014702282467404189 0.026004482436258296
2 0.4725 0.4125 0.095 0.215
2 0.6115069188298422 0.2601852332265216 0.06168921558277219 0.3240179297450332
2 0.7451650607134854 0.167118633497469 0.062306469479124334 0.27577194271050487
2 0.8607946435052011 0.2709441531714661 0.07382604155669525 0.34484771958368127
2 0.4189009879859731 0.1909442430266102 0.06769920844000922 0.3061213279057252
2 0.508125 0.10666666666666667 0.04875 0.21333333333333335
1 0.6108865016215578 0.3558875471116473 0.017849101298564277 0.027889514849937694
1 0.746477353895034 0.21966230664687156 0.015963191882984232 0.026925162068396655
1 0.8618092191541536 0.3484441531714661 0.01665364837646507 0.03196883521779929
1 0.4144432954530476 0.27971785134865407 0.019142738960884885 0.0313101944820761
1 0.5073268688305013 0.12468950339117262 0.01406637305182393 0.025127475953522424
1 0.5505454707790068 0.039456963665419224 0.012147735389503396 0.02166312317198148
0 0.46147877337481735 0.34294966440444163 0.023670470779006792 0.04328257319456043
0 0.6092018688305012 0.1318082267437857 0.01918637662320549 0.03464352781540934
0 0.7412359272724877 0.05777727423319219 0.019251833116686327 0.03964352781540936
0 0.41854730389569306 0.06853158932541528 0.021105014285525955 0.03810788059695028
0 0.506875 0.0033333333333333335 0.01625 0.006666666666666667
0 0.8533914087656389 0.13471776149350997 0.021904564934808093 0.051484887079686154
2 0.214375 0.6541666666666667 0.13125 0.2683333333333333
1 0.19884927986763912 0.6807836345525967 0.03801274253226637 0.041787055630818866
2 0.315 0.9125 0.07 0.175
0 0.3101848113601314 0.8636142409163547 0.038329115584090336 0.06595372229748553
2 0.381875 0.9433333333333334 0.11875 0.11333333333333333
0 0.365959379866321 0.9266241447304444 0.03718820973989171 0.0741997093320136
0 0.77625 0.9841666666666666 0.04 0.03166666666666667
2 0.534375 0.5783333333333334 0.06875 0.11666666666666667
1 0.524974693504542 0.5763998432072418 0.021061376623205418 0.03477454726361695