2 0.074375 0.095 0.07875 0.19
2 0.620625 0.13416666666666666 0.08875 0.2683333333333333
0 0.38659429036512954 0.4844668540154196 0.03837640841235967 0.07138210884132945
1 0.06478838851149055 0.06094314834155772 0.017429175033868417 0.030630435611834532
1 0.6462543844407844 0.16837210760874707 0.020060194482076098 0.034060759039296236
2 0.39375 0.48833333333333334 0.1175 0.08333333333333333
2 0.9013606218899818 0.2510814177872939 0.12250969968281225 0.3384099832847835
0 0.8924707661688472 0.10429351350296676 0.03972998824054315 0.04231243226879125
1 0.8708914233371996 0.3014872132302915 0.037625704206179764 0.03640635636486157
2 0.60375 0.6091666666666666 0.15 0.15833333333333333
2 0.976875 0.855 0.04625 0.29
2 0.71875 0.8825 0.0375 0.235
2 0.7516580732694628 0.8166413163716004 0.07859326775153881 0.34835507578067143
2 0.85125 0.8558333333333333 0.0825 0.28833333333333333
2 0.9278505364084007 0.7743851939115813 0.062545112165878 0.3211064685492344
2 0.8000964703750271 0.7153447750149633 0.05511593713200952 0.29086399331391344
2 0.99125 0.6966666666666667 0.0175 0.28
1 0.749245707371563 0.8822806695166769 0.01858091044771271 0.02817893065889867
1 0.9975 0.9841666666666666 0.005 0.03166666666666667
1 0.913467563545359 0.8212547582997467 0.019369684757972152 0.032369844849097454
1 0.802752271822245 0.767035689205162 0.018515400723608907 0.026512263992232003
1 0.9925 0.5391666666666667 0.015 0.018333333333333333
1 0.7204151827226193 0.5774593197146437 0.01394387155129749 0.02134253132750736
0 0.744083727272432 0.6715685738010041 0.025057536861062175 0.05006382503735424
0 0.8406178905468437 0.746039035664152 0.02762304658516598 0.05182748179814932
0 0.991875 0.7491666666666666 0.01625 0.04833333333333333
0 0.9206037390318889 0.6376457846743183 0.02097998824054315 0.04158500656282835
0 0.99625 0.5758333333333333 0.0075 0.035
0 0.7898884473087748 0.5826507948267065 0.018777439620024126 0.033178930658898716