2 0.2075 0.15416666666666667 0.125 0.30833333333333335
1 0.256875 0.16666666666666666 0.02625 0.04666666666666667
1 0.7368900304571643 0.1535253502098368 0.07206166576927671 0.06747701861407374
2 0.7375 0.175 0.2625 0.35
2 0.015625 0.8783333333333333 0.03125 0.24333333333333335
0 0.00625 0.7916666666666666 0.0125 0.06333333333333334
2 0.3873055943522968 0.5620256636336075 0.05802843536531803 0.2545551878783086
0 0.38397198532607996 0.456894750646646 0.024604725204506437 0.039719410389393583
2 0.364375 0.8325 0.10625 0.335
0 0.3691594781740073 0.7058432290017098 0.03152759398252208 0.07069820259712865
0 0.39546884444474045 0.6464250644993171 0.025720737556031353 0.062233956276833736
2 0.456875 0.8766666666666667 0.07625 0.24666666666666667
0 0.4599500277649945 0.7863293536761901 0.028057066772189644 0.054792139826594546
1 0.3575 0.9833333333333333 0.0275 0.03333333333333333
2 0.719375 0.8308333333333333 0.08625 0.3383333333333333
0 0.7226300053843397 0.698228322072079 0.028238923198680366 0.06312547315992788
1 0.7090129413043198 0.9497058922020233 0.026607024703049972 0.04559638138504738
0 0.9377928490895306 0.3805721025896594 0.01958653956185742 0.03876970995653878
0 0.9801559309054153 0.5024527398186858 0.016570653417751942 0.04369698051933786