2 0.314375 0.3016666666666667 0.58625 0.5766666666666667
0 0.2330560271348147 0.1030250845111118 0.10458666518826121 0.11666515513678992
1 0.5380850985806123 0.2550608218654336 0.028112671558737076 0.031468343776345664
2 0.7875 0.13166666666666665 0.0725 0.2633333333333333
1 0.7854899703652285 0.1587220470245438 0.01664425893072476 0.02515601382345674
2 0.62875 0.31666666666666665 0.0175 0.38
1 0.6737734904442861 0.0603558482436546 0.02388327997741211 0.034291326572444374
2 0.899375 0.030833333333333334 0.04625 0.06166666666666667
2 0.841875 0.0125 0.05375 0.025
2 0.50375 0.7675 0.2325 0.355
1 0.5575558100151161 0.705241013282076 0.096316056769586 0.1123840279485925
2 0.639375 0.795 0.03875 0.41
2 0.71125 0.6416666666666667 0.075 0.10333333333333333
0 0.8975 0.9766666666666667 0.045 0.04666666666666667
0 0.6693518415851472 0.8908567551615806 0.03735380836220528 0.08643698985866649
2 0.6775 0.9216666666666666 0.115 0.15666666666666668