2 0.106875 0.46 0.07375 0.28
0 0.10533691124372865 0.3697769608298678 0.02712225776696556 0.059591716041751966
1 0.005 0.16333333333333333 0.01 0.02666666666666667
1 0.1362423110080586 0.16554213222531186 0.013215903590796075 0.02226184581884013
2 0.13888048446606882 0.1341475631749322 0.05036039492423058 0.23120726125500174
2 0.210625 0.1025 0.01875 0.15166666666666667
2 0.011875 0.12583333333333332 0.02375 0.22833333333333333
2 0.3325 0.4666666666666667 0.085 0.26666666666666666
2 0.40371280515432617 0.306563323489293 0.07138537072373374 0.3251187332560363
0 0.33970100281283316 0.3596248342739743 0.021413626463433102 0.039812829738439554
0 0.4024268604226854 0.17135925027707774 0.023303171037960483 0.04335023628398815
0 0.3240105522274599 0.37292422417218046 0.01831771561248786 0.046139374384747495
1 0.40396328236024587 0.3924646812266981 0.020145445745273917 0.03551011426362938
1 0.4510168701028841 0.21333182046134114 0.024534990319801296 0.03931961842546495
2 0.3283391157696013 0.0974310128592059 0.05394676846079747 0.19411540767943228
0 0.0836242875931287 0.8735016751707944 0.03719134449597064 0.07651343984023337
2 0.085 0.9141666666666667 0.11 0.17166666666666666
2 0.749375 0.7608333333333334 0.08125 0.32166666666666666
2 0.615 0.8633333333333333 0.095 0.2733333333333333
2 0.41875 0.7625 0.0825 0.325
0 0.6133524102300956 0.7738587001418079 0.02962589391059737 0.06069714699137232
1 0.41197878134661275 0.780288175364037 0.020145445745273917 0.035510114263629475
1 0.7537737861867122 0.8358308577246187 0.024545898750696724 0.04181961842546495