2 0.394375 0.18083333333333335 0.07625 0.3616666666666667
2 0.025625 0.3925 0.05125 0.295
2 0.24875 0.3675 0.09 0.345
2 0.1545094085932336 0.22363765080522455 0.07817126244428892 0.43846297630793174
0 0.005625 0.2791666666666667 0.01125 0.075
0 0.031187612316979453 0.12376725845490578 0.030516349872690682 0.060563497446336594
0 0.146875 0.034166666666666665 0.02875 0.06833333333333333
0 0.24399349659450628 0.24029904250299125 0.03313271040738144 0.07401323334464223
0 0.38875 0.01 0.03 0.02
0 0.1817052758115601 0.40483077709619264 0.04064725547421773 0.07602910770622656
1 0.248125 0.5325 0.02875 0.015
1 0.14206802673454233 0.30135987067245235 0.024811352005090725 0.051134925008481866
1 0.40319395579247 0.2277197060199876 0.020290901336727243 0.034264553853113285
1 0.3415508011139252 0.108230277152738 0.022202264003818185 0.03851852244350937
1 0.2644221381922155 0.21875936366401427 0.01967317387014532 0.03506878654520354
1 0.01875 0.0125 0.02 0.025
2 0.33125 0.11833333333333333 0.0725 0.23666666666666666
2 0.103125 0.16 0.06375 0.32
2 0.8525 0.3375 0.295 0.405
0 0.8135631035009439 0.20463769319512518 0.09288588214512686 0.12011112759607244
2 0.705 0.37333333333333335 0.1175 0.3333333333333333
0 0.7150821872374165 0.23087312521204506 0.03981135200509073 0.05183334039831682
1 0.6982012283258883 0.444166772641418 0.04093044640356339 0.036891541680802976
1 0.44375 0.3908333333333333 0.0075 0.03166666666666667
1 0.46958169605345207 0.3768783719210114 0.026497266136217945 0.029555560265544425
2 0.16937123045828828 0.7570583213872044 0.09494444697643417 0.4275820269548293
2 0.01625 0.695 0.0325 0.31
2 0.090625 0.6625 0.06875 0.245
1 0.00375 0.72 0.0075 0.04666666666666667
1 0.1722207499363242 0.8688122899776005 0.02156271893698147 0.03682275513559943
1 0.08853488911519776 0.6575001059747514 0.022863626670908844 0.04271428975141911
0 0.058125 0.9741666666666666 0.04875 0.051666666666666666
0 0.1747480885741436 0.5857117617742121 0.02619953014003613 0.06702645962430134
2 0.065625 0.9708333333333333 0.12375 0.058333333333333334
2 0.733125 0.8966666666666666 0.53375 0.20666666666666667
0 0.7505471915022166 0.8695635963561046 0.12357633494589038 0.12903705901698545