2 0.06184924153407579 0.2497592586485541 0.09832398564607062 0.46129912383622507
2 0.14875 0.08333333333333333 0.0675 0.16666666666666666
0 0.0524387546149115 0.10960196214602111 0.038139982940799656 0.07682967393050869
0 0.06599283408658393 0.0616590146883658 0.031228620273708714 0.07202201148769329
2 0.065 0.03833333333333333 0.0525 0.07666666666666666
1 0.04165971779123979 0.3412861493400135 0.027914534404836218 0.05006398310459531
1 0.13004828049014747 0.03260279370356424 0.019665901336727246 0.03513977597520731
2 0.650625 0.19666666666666666 0.02125 0.3933333333333333
2 0.665 0.13 0.05 0.26
2 0.7275 0.1675 0.08 0.335
0 0.728125 0.0075 0.02125 0.015
0 0.7475 0.009166666666666667 0.0225 0.018333333333333333
1 0.7331437524825114 0.2064716114056938 0.02347408160407241 0.042156076701591584
2 0.804051943411857 0.2522813252069939 0.07691398991087056 0.44098453083115885
0 0.8038278084977835 0.06293984151046847 0.0273186245385088 0.05333904409464253
1 0.8077360527371301 0.33185589827666445 0.025981354137490767 0.04322249940806993
2 0.8 0.07 0.0725 0.14
2 0.32125 0.9075 0.1675 0.185
0 0.32459825916614704 0.856192059455279 0.053081802673454206 0.07156154350271246
1 0.104375 0.99 0.02625 0.02
1 0.06875 0.9966666666666667 0.025 0.006666666666666667