2 0.1511139088945351 0.24710639609947388 0.06792225204506408 0.3930485259734839
2 0.37634363409904154 0.21316170302383228 0.068917653047977 0.38141095108169754
2 0.069375 0.16416666666666666 0.07125 0.3283333333333333
2 0.015 0.21416666666666667 0.03 0.3283333333333333
0 0.068125 0.01 0.02375 0.02
0 0.165625 0.020833333333333332 0.02375 0.041666666666666664
0 0.15109196563759497 0.07618578744149943 0.0274138811295407 0.053944260605820964
0 0.24849329754592311 0.283556767094249 0.030666180628084162 0.059850323376355166
0 0.008125 0.021666666666666667 0.01625 0.043333333333333335
0 0.248125 0.016666666666666666 0.02375 0.03333333333333333
0 0.2769897502773311 0.0666095108169759 0.02522303705457489 0.06805274372272682
1 0.06587080739016564 0.227613609520169 0.02129786877801564 0.03131334761885929
1 0.1544044584855223 0.32555609653232864 0.021261497492717468 0.02964668095219262
1 0.11040279002407573 0.1927984883076484 0.01879786877801564 0.031255164069098576
1 0.32965717867546374 0.23208530735325886 0.01887061134861199 0.034588497402432
1 0.37467055497532686 0.28982836969049897 0.022068353919208333 0.0379945601729662
0 0.3792830200582597 0.049813823803058786 0.026625210345698917 0.04642971471838071
0 0.35236496062303 0.022507138089024135 0.023227425705962902 0.03385698528117984
0 0.2329410401165194 0.2798597865749111 0.020095737556031282 0.06210304328987206
0 0.2362353473217977 0.5300634289990737 0.04391179197669615 0.09430790779182549
0 0.21823095867040962 0.49546038570920153 0.03843896526782032 0.0725248740256374
2 0.219375 0.6283333333333333 0.15375 0.3233333333333333
2 0.2350925823705466 0.43915736622853935 0.10281313818916957 0.3888630956701339
2 0.798125 0.2925 0.23125 0.585
0 0.7922807205597162 0.05087378094648083 0.07317767812080177 0.089991564501514
1 0.8384042481398234 0.3729435147122296 0.06572073755603128 0.06316489307300534
1 0.513125 0.21166666666666667 0.00625 0.03
2 0.87125 0.8941666666666667 0.2575 0.20833333333333334