0 0.06234081858536371 0.05754228983660335 0.02069927352084335 0.04363393138128468
0 0.1740980276803289 0.1167489110120691 0.02177100593149902 0.03781999147039983
0 0.33746177195398275 0.18841732917458898 0.030761877079742702 0.06627938204964826
2 0.010625 0.22583333333333333 0.02125 0.3616666666666667
2 0.06855684428852626 0.22006168325905184 0.07166379370281248 0.3825975509441934
2 0.011875 0.07083333333333333 0.02375 0.14166666666666666
2 0.110625 0.15833333333333333 0.04625 0.31666666666666665
1 0.10960310990070418 0.21403499953318483 0.01786820514063251 0.03276181120305438
1 0.18138153204496732 0.3550822443454025 0.02114600593149902 0.037810294759175536
1 0.33877541110187637 0.43582036206234664 0.01971773834215469 0.03195756800339382
2 0.1761682545697913 0.28670042745594787 0.08114066089672349 0.3860763349458904
2 0.3456546648510562 0.3542991460640435 0.09610139726171198 0.40546602597071457
2 0.705625 0.33166666666666667 0.30375 0.49666666666666665
0 0.7287531624635842 0.12293985499679706 0.07344014466908703 0.07277209174622973
1 0.699375 0.5583333333333333 0.09375 0.043333333333333335
1 0.9546773834215475 0.25888218748140135 0.027944605536065693 0.03541695858264215
2 0.3175 0.8566666666666667 0.15 0.2866666666666667
0 0.3239643130641703 0.7429319097814261 0.04103034190105404 0.05477755947379365
1 0.295625 0.9808333333333333 0.04625 0.03833333333333333
1 0.005625 0.9241666666666667 0.01125 0.03166666666666667
1 0.12454154193079901 0.9222513884998762 0.02531727154367701 0.031211505071078515
1 0.16158313955819936 0.9078331911733305 0.022715404349766002 0.027839384892848405
2 0.931875 0.79 0.13625 0.42
0 0.95375 0.615 0.08 0.07
1 0.691530079086654 0.7942107079991232 0.02466680474519933 0.030368475026521083