2 0.463125 0.29 0.23125 0.58
1 0.43087644381160234 0.3678281624685332 0.08033215091046941 0.07311087213015033
1 0.2617370300873895 0.04062763912962548 0.024404683135366555 0.030184231277346877
1 0.3304324731594424 0.043660940195629695 0.027511497492717467 0.029375138901559315
2 0.67375 0.29 0.19 0.58
0 0.7175 0.5208333333333334 0.075 0.11833333333333333
2 0.1125 0.8491666666666666 0.07 0.3016666666666667
2 0.2875 0.8733333333333333 0.07 0.25333333333333335
2 0.22 0.9016666666666666 0.0725 0.19666666666666666
0 0.22173515128024404 0.8300307559677655 0.02280246777510271 0.042669686702819454
0 0.3849845202431471 0.968820374909194 0.026879809342785988 0.0576987758518743
0 0.2815399185538902 0.7821531526362905 0.026807066772189785 0.05436544251854097
0 0.23214485410409566 0.6967556009325417 0.020120611348611987 0.034316960603449666
1 0.10400061673295163 0.9258005072052432 0.017566054420664726 0.03179756783741311
1 0.035894854104095625 0.6952332687986751 0.014920569279472176 0.02511150840470994
1 0.12295651987337237 0.6300641377020926 0.014775084138279625 0.018444841738043324
1 0.192749789654301 0.6114356202929393 0.012256898495630537 0.017592115638673463
1 0.28782922037482883 0.6371773935938361 0.01484782670887583 0.021778175071376655
1 0.36241763874383165 0.6852640247664407 0.014902383636823231 0.024278175071376657
2 0.365 0.6791666666666667 0.055 0.19833333333333333
2 0.044375 0.6658333333333334 0.05875 0.17166666666666666
2 0.1175 0.6375 0.045 0.115
2 0.18625 0.6308333333333334 0.045 0.10166666666666667
2 0.673125 0.9075 0.08375 0.185
2 0.9425 0.9325 0.0825 0.135
2 0.775625 0.8775 0.08375 0.245
2 0.66 0.6691666666666667 0.055 0.17833333333333334
2 0.761875 0.6741666666666667 0.05125 0.18833333333333332
2 0.980625 0.7225 0.03875 0.285
0 0.6693097726579859 0.8498120317436179 0.0349502524148388 0.055261802341492985
0 0.6983967329112412 0.7200156557870012 0.025393395988348003 0.046855746135522715
0 0.7777851092111042 0.7773077391583456 0.022177467775102714 0.04266483851131037
0 0.813601584323167 0.654231359974996 0.02828198263391016 0.03604665375973506
0 0.823125 0.9783333333333334 0.03125 0.043333333333333335
0 0.9428118618108304 0.8919403878161256 0.029045779625171235 0.07104665375973505
0 0.8426540520982697 0.611949528592907 0.028409282132453625 0.041879987093068394
0 0.9251559309054151 0.6984373677799728 0.02610932420159344 0.05102726099369846
0 0.9263131238850244 0.616765852921797 0.025284282132453626 0.04185574613552272
0 0.989375 0.5933333333333334 0.02125 0.02666666666666667
1 0.9925 0.8133333333333334 0.015 0.03333333333333333
1 0.8415599830036848 0.805307102883786 0.018761497492717466 0.029307264220431457
1 0.8151233172344081 0.8709465085567542 0.020138796991261074 0.035150293936783046
1 0.8096199803115149 0.6075259077762564 0.01354326978092871 0.019268478688358404
1 0.7618060150436947 0.6788338082712475 0.015563754922121262 0.025949689929552447
1 0.9036676387438317 0.6232579846941351 0.014938754922121121 0.025944841738043324
1 0.6616605299025022 0.6847247642964535 0.01874331185006852 0.028473930887098126
1 0.604619980311515 0.605935700961262 0.012420569279472176 0.025092115638673463
1 0.724499368962903 0.6410380685891907 0.014313754922121263 0.025939993546534198
2 0.895625 0.8858333333333334 0.06875 0.22833333333333333
0 0.9078645399316321 0.8033210111837537 0.024307066772189787 0.05434604975250446