2 0.149375 0.35333333333333333 0.16125 0.25333333333333335
2 0.043125 0.13083333333333333 0.07125 0.26166666666666666
1 0.04204647568429316 0.13230152460839026 0.022783628803308885 0.03424730102409948
2 0.009375 0.17916666666666667 0.01875 0.285
2 0.089375 0.0875 0.05125 0.175
2 0.1425 0.13416666666666666 0.075 0.2683333333333333
1 0.14320193274985685 0.13527200333327585 0.02344499147039983 0.03846250383032441
2 0.175 0.0775 0.06 0.155
2 0.23 0.1225 0.0625 0.245
1 0.22747511728200237 0.1403862911595694 0.022849081604072553 0.04174730102409948
2 0.323125 0.11166666666666666 0.07375 0.22333333333333333
1 0.34524420101847497 0.10042816358927198 0.02218771893698175 0.03753209821787446
2 0.3825 0.075 0.0575 0.15
1 0.37860192208785665 0.0711890815260144 0.019665901336727246 0.03483795365964122
2 0.26 0.049166666666666664 0.0625 0.09833333333333333
2 0.400625 0.04 0.04875 0.08
1 0.595 0.4691666666666667 0.03 0.021666666666666667
1 0.71625 0.465 0.03 0.03
1 0.7527296559516385 0.4465734825150155 0.02902635626989074 0.03389932908634932
2 0.3075 0.6375 0.07 0.315
2 0.21125 0.5691666666666667 0.0675 0.17833333333333334
2 0.13375 0.6375 0.07 0.315
2 0.415 0.6175 0.0875 0.275
2 0.0225 0.6525 0.045 0.345
2 0.3175 0.9116666666666666 0.1175 0.17666666666666667
0 0.011875 0.9258333333333333 0.02375 0.085
0 0.33474835512414897 0.8732589199798452 0.03063271040738158 0.07482973469879937
0 0.3105260783259307 0.8576518294226196 0.03740589493952697 0.06369696556727414
1 0.005625 0.7008333333333333 0.01125 0.03833333333333333
1 0.1187683146085481 0.7159828298794738 0.01904817387014532 0.0356227508534162
1 0.21198873329091106 0.554681350697734 0.019069991470399828 0.0381227508534162
1 0.25602236209422 0.5187838209286517 0.019651356269890813 0.03317128699297456
1 0.3138774026098208 0.6883395543372781 0.025341809070654336 0.04110811224899938
1 0.4063123876830205 0.6170380751555384 0.021555446403563393 0.03665022874498277
1 0.46827509595800193 0.5306148668121564 0.019113626670908844 0.0431227508534162
1 0.0815455466263655 0.5439920705320895 0.01709317600254536 0.026310475768074562
2 0.25625 0.5491666666666667 0.055 0.13833333333333334
2 0.03875 0.9358333333333333 0.0775 0.12833333333333333
2 0.855 0.6275 0.1525 0.295
1 0.8302151108848023 0.6506849493322681 0.04480407947167251 0.05261273257530737
0 0.9121482911521477 0.6376600483834616 0.02551634987269068 0.06110811224899938
1 0.626523729026111 0.5882229336345053 0.02656271893698161 0.03787185119478276
1 0.7497069092934564 0.5719946474748496 0.023379538669636303 0.03096250383032441