1 0.273125 0.3001205088302383 0.04625 0.05025834099398234
0 0.295 0.0225 0.0525 0.045
2 0.283125 0.215 0.16125 0.43
1 0.08625 0.20546614789150908 0.028125 0.0346841262801244
1 0.205625 0.18452907856920348 0.026875 0.03125372066767435
2 0.946875 0.215 0.09625 0.43
2 0.746875 0.1925 0.09125 0.385
2 0.616875 0.165 0.08125 0.33
1 0.611875 0.2346872367820968 0.023125 0.045962503830324596
1 0.746875 0.2158700973041664 0.026875 0.03875372066767435
1 0.950625 0.32004731580815426 0.024375 0.04439290944277445
0 0.578125 0.22064152165157935 0.0325 0.057523879257032604
0 0.94125 0.010833333333333334 0.03 0.021666666666666667
2 0.4975 0.6733333333333333 0.105 0.4866666666666667
0 0.52375 0.4574107039758143 0.05125 0.05397996344378219
1 0.496875 0.7536644246434886 0.05 0.05221622449799895
1 0.2575 0.622253766094325 0.025625 0.02865664838855783
1 0.3225 0.6213726742469265 0.025625 0.02948998172189107
2 0.705625 0.715 0.31125 0.57