2 0.3325 0.2808333333333333 0.0925 0.21833333333333332
2 0.829375 0.19583333333333333 0.17875 0.3883333333333333
0 0.8373025905393464 0.03817033257781503 0.05040534190105419 0.057573172320064335
1 0.8552599016263502 0.3196587631521864 0.05613220909496519 0.061299563998020404
1 0.508125 0.1925 0.01625 0.03166666666666667
1 0.6332246846227197 0.19687316086129936 0.02969227154367701 0.03284229820584983
1 0.6701898818546869 0.18199354982545135 0.028442271543677008 0.032754951907044944
2 0.16703412571803494 0.7617480771892817 0.08989066089672355 0.3904591436753168
2 0.32494159449367904 0.7860870441720537 0.07918926050129031 0.38721670013547377
2 0.25895902372599616 0.5453151014615488 0.05313557867634827 0.2897674602742466
2 0.37877650238747207 0.6293589868825586 0.06670518421241411 0.3256409232622973
0 0.15859823479812774 0.6081527049595331 0.022229408304098683 0.053941213930283616
1 0.1543240107064431 0.8764459086381491 0.021872873125410024 0.04227454726361695
0 0.3115311703722496 0.6329756200804182 0.025150673916276674 0.047492913010629634
1 0.31446514153536576 0.8718365747012672 0.022472406326932343 0.041484887079686054
1 0.26133910594637144 0.6436047616454796 0.017791804745199258 0.031179175033868394
1 0.3715269166230698 0.718660216492118 0.021044138737588015 0.03556420744754774
0 0.37079901384016445 0.49076361465281004 0.01802100593149902 0.0386791750338684
0 0.25633807035737716 0.4187357810936872 0.01909273834215476 0.03293318799934017
2 0.040625 0.48583333333333334 0.05875 0.19166666666666668
2 0.15 0.45666666666666667 0.0475 0.13333333333333333
2 0.21879667984777565 0.47598437268132754 0.04944289289707356 0.16893412694091325
2 0.3018336094903985 0.45850324136793386 0.04929221898079696 0.12318813990638498
2 0.36633594348278725 0.4671682424230615 0.060171886965574545 0.13226391677956145
0 0.6270171664179169 0.5508793089090966 0.10133168973360739 0.15260267149072612
2 0.715 0.7225 0.43 0.555