2 0.70625 0.2 0.07 0.4
1 0.7060301645633783 0.27498547253019506 0.02202044574527406 0.03537286534835251
0 0.7025 0.019166666666666665 0.025 0.03833333333333333
2 0.243125 0.5966666666666667 0.08125 0.3933333333333333
2 0.11 0.8016666666666666 0.0925 0.39666666666666667
2 0.064375 0.4625 0.06625 0.125
0 0.24439234730880385 0.43205472308195475 0.021486349336070135 0.05614792633839945
0 0.10901377166641403 0.6495261692754091 0.02899725776696556 0.059347194457834575
1 0.0625 0.4125 0.02 0.025
1 0.2475637837666625 0.7082959628182918 0.024545898750696724 0.041439288054830666
1 0.1 0.9783333333333334 0.0275 0.043333333333333335