2 0.076875 0.26666666666666666 0.15375 0.5266666666666666
0 0.07228950124997845 0.03491535831939709 0.04898015785015545 0.0628587661716756
1 0.08451852673188227 0.34138324913418944 0.05527272417545561 0.0495787629449427
1 0.15721169925824924 0.19336934083422175 0.025612671558737077 0.028522412802189288
2 0.2275 0.235 0.145 0.45
0 0.2656390780986223 0.04257908561823361 0.0470687557454869 0.06201088826381484
1 0.2398399814532695 0.3185190791647678 0.050199919966118216 0.04787331074620283
2 0.7656150044352164 0.2533445442704391 0.08934242923948346 0.32891511631442893
0 0.5024016236595837 0.6435880650583694 0.038021374687505445 0.0694381653911779
1 0.3271001600677637 0.03682069758248494 0.013446454721387226 0.021763630496849255
1 0.785239238166386 0.3190033427094438 0.02016968208208084 0.03264544574527387
2 0.33125 0.04583333333333333 0.0425 0.09166666666666666
2 0.498125 0.6625 0.11625 0.115
2 0.250625 0.86 0.09875 0.28
0 0.284375 0.7433333333333333 0.03125 0.04666666666666667
1 0.28125 0.9833333333333333 0.0375 0.03333333333333333
1 0.09229683190884948 0.9165001613366455 0.02891968208208084 0.03271332042640173
2 0.373125 0.8908333333333334 0.07375 0.21833333333333332
2 0.313125 0.85 0.02625 0.26
2 0.765625 0.86 0.05875 0.28
2 0.699375 0.8641666666666666 0.06125 0.27166666666666667
2 0.6375 0.8891666666666667 0.0625 0.22166666666666668
2 0.43875 0.8816666666666667 0.0625 0.23666666666666666
2 0.98375 0.8841666666666667 0.0325 0.23166666666666666
2 0.808125 0.8408333333333333 0.04875 0.24166666666666667
0 0.3765664569389955 0.80473764205227 0.020533703128768222 0.040978779078607204
0 0.306875 0.7366666666666667 0.01375 0.03333333333333333
0 0.5318700022176082 0.8251922608416544 0.02442931154744315 0.044341201560995296
0 0.6404984674623391 0.7985250385687508 0.018513094710093297 0.03763090117074654
0 0.7020939958471323 0.7472311270420501 0.025242486291418374 0.03435089794401359
0 0.7666874084751447 0.7417317633166098 0.022481507338105756 0.04265999031980127
1 0.3675 0.9933333333333333 0.0175 0.013333333333333334
1 0.431875 0.9966666666666667 0.01625 0.006666666666666667
0 0.5488368823079598 0.9516843926139923 0.02328851786144938 0.04683150517797704
1 0.6968039454480219 0.925545067609347 0.01789425893072476 0.02346423450407978
1 0.7621438928313035 0.9458644926427124 0.01675346524473099 0.025954538121061622
1 0.7332112990888399 0.8644499319345206 0.014253465244730989 0.025935145355025023
1 0.8072222780421526 0.8722063304782675 0.016680661035393455 0.024287871454394955
0 0.6116756632530016 0.8004147220448374 0.012712248407380998 0.019258782305340106
1 0.5027072506249892 0.806258307367426 0.013373650512049765 0.020096963830182613
0 0.4414813242883951 0.7775764598516722 0.017997301024099528 0.04012605297923737
2 0.54375 0.965 0.1 0.07