2 0.53125 0.22583333333333333 0.1375 0.3883333333333333
1 0.17705173017185274 0.2566215688344556 0.025261811203054377 0.030581835497607224
1 0.24207354777210732 0.2576087965406767 0.02651181120305438 0.03061092727248763
1 0.5381708245703257 0.23321404589403072 0.025872266136217945 0.028929714718380715
2 0.93125 0.28583333333333333 0.1375 0.2683333333333333
0 0.9368472234882173 0.18818873939857275 0.0711631674729452 0.06331035194740717
1 0.8042608288351256 0.3246348926441049 0.022129538669636305 0.02967577272707293
2 0.476875 0.6283333333333333 0.14875 0.4166666666666667
1 0.49005441072563366 0.6844087013038368 0.047274989337999784 0.046924274891346915
1 0.07692897285167036 0.6223423203476898 0.027790901336727104 0.033973352380701274
1 0.19566442778483398 0.6179119350673887 0.024644083736472595 0.031400622943500406
1 0.22925443204963408 0.5987931238122857 0.025894083736472596 0.031429714718380714
2 0.7075 0.5275 0.08 0.215
2 0.64375 0.465 0.065 0.09
1 0.6908389685868702 0.5266028051977724 0.01912089920432706 0.042936376623205395
1 0.64125 0.42916666666666664 0.02 0.018333333333333333