2 0.20451736029364262 0.6746099222543219 0.07568930711222677 0.35963209305154314
2 0.039375 0.6666666666666666 0.07875 0.35
2 0.40219204015811527 0.4831409202270557 0.16862055136674 0.29870719968577325
2 0.00875 0.415 0.0175 0.26666666666666666
1 0.028098261430681573 0.7942716600611567 0.025533703128768223 0.04101756461068021
1 0.1985350866867064 0.7829529519706735 0.022190290500755907 0.03599332365313463
1 0.1214146842996891 0.38868502888855205 0.01392584630271216 0.018435145355025023
1 0.21337481695028943 0.41462931502035844 0.014253465244730989 0.025935145355025023
0 0.03885978953312602 0.34767286807561787 0.018367486291418374 0.03429756783741316
0 0.041767543343353246 0.5242571154866292 0.022002115756780682 0.045988475461625454
0 0.20651272861067205 0.5288105262615524 0.025272724175455608 0.049346049752504464
0 0.4175795516490888 0.35973001582957626 0.01766968208208084 0.03262605297923737
0 0.4488659537537575 0.3586542729207865 0.02031529050075591 0.03597877907860723
2 0.123125 0.36666666666666664 0.04625 0.17333333333333334
2 0.03872092855420231 0.4509722640683873 0.06507721877260941 0.24542179266129427
2 0.216875 0.3775 0.05375 0.195
2 0.7577459856061373 0.5616649998479558 0.08250941234566377 0.4013375452502828
2 0.63875 0.43666666666666665 0.0375 0.31333333333333335
2 0.68625 0.435 0.0775 0.31
2 0.8475 0.44333333333333336 0.0825 0.32666666666666666
2 0.89875 0.4266666666666667 0.0625 0.29333333333333333
2 0.798125 0.8333333333333334 0.12375 0.3333333333333333
2 0.975625 0.41333333333333333 0.04875 0.26666666666666666
0 0.7971826278124516 0.702977748534456 0.034459549431480524 0.059413924433632324
0 0.8960788194502463 0.7846826451269588 0.04496301467621151 0.0853199806396026
0 0.84625 0.29333333333333333 0.025 0.02666666666666667
0 0.895625 0.2875 0.02125 0.015
0 0.69125 0.2841666666666667 0.0225 0.008333333333333333
0 0.7375 0.2916666666666667 0.02 0.023333333333333334
1 0.6765682065963549 0.4748243538931975 0.01818547576807461 0.030130901170746446
1 0.7451737646159197 0.6492328745290837 0.027299496814761993 0.038532109185207636
1 0.8498937097815928 0.5118001936039746 0.02682010523343706 0.04186059432703189
1 0.8942927834449987 0.48229900172317797 0.01818547576807461 0.030130901170746446