2 0.506875 0.21833333333333332 0.12375 0.43666666666666665
1 0.556875 0.3333333333333333 0.02375 0.056666666666666664
1 0.2203517088478523 0.15467189218068275 0.023997266136217946 0.029439157700572118
1 0.25458125817948873 0.13640469024564433 0.024019083736472595 0.03193915770057193
2 0.681875 0.22916666666666666 0.18375 0.4583333333333333
1 0.7179689451304698 0.2550051689941487 0.06489134987269068 0.06216403271470843
2 0.51125 0.745 0.115 0.51
0 0.540625 0.545 0.05625 0.11
2 0.45357168965625194 0.7409020139037855 0.1144644597708347 0.37351324747460923
0 0.4627640005728709 0.5762406363359858 0.03917180693825429 0.050137573090406985
1 0.44645713392741543 0.7854178882653696 0.04029817387014532 0.03602910770622657
1 0.06616623259068827 0.7697777448078551 0.02648999360279987 0.02872222693221109
1 0.19049032485676104 0.7581533838671404 0.024004538669636234 0.030272491033905453
1 0.22347714672181568 0.7407777165479215 0.025864993602799872 0.028693126290968016
1 0.9925 0.755 0.015 0.03666666666666667
1 0.57625 0.7875 0.015 0.028333333333333332
1 0.6965939984404709 0.7735396223191096 0.027769083736472595 0.032113761548030764
1 0.7307944576384346 0.7519390870507378 0.025254538669636162 0.030330692316391607