2 0.41375 0.27 0.0925 0.54
1 0.00375 0.135 0.0075 0.03
1 0.8724829249980839 0.4859322904323227 0.028677787385944384 0.033194674575332025
1 0.993125 0.47833333333333333 0.01375 0.03333333333333333
2 0.354375 0.82 0.07625 0.36
2 0.1975 0.7266666666666667 0.0675 0.37333333333333335
2 0.076875 0.9191666666666667 0.09625 0.16166666666666665
2 0.1325 0.6966666666666667 0.065 0.31333333333333335
2 0.02625 0.845 0.0525 0.31
0 0.06638823928452808 0.8771377560246708 0.03923057477188891 0.06540463294285757
0 0.2715633262905004 0.9340746134943059 0.03171602773541679 0.06416383083388003
0 0.125 0.5625 0.03 0.045
0 0.03212543502986126 0.5955418366533979 0.021497822188333373 0.05112053913302134
0 0.09296916314525017 0.6471349201918841 0.02399782218833337 0.05125636205823601
0 0.28631393639725017 0.7775253739708089 0.028968728115388843 0.049861341241998695
0 0.43574660197483356 0.7531747494836909 0.02646872811538884 0.04972551831678402
0 0.3825 0.5533333333333333 0.02 0.02666666666666667
0 0.449375 0.7016666666666667 0.02125 0.05
1 0.19451219414791696 0.8124999257378649 0.019331881458888915 0.03435200527244357
1 0.10118562591052814 0.9389713655150691 0.02500052256830557 0.037157606854176684
1 0.3591209918680837 0.9063623716081242 0.02562552256830557 0.037191562585480446
1 0.1280585356373058 0.7972339515530087 0.019898693312999996 0.031052627670413814
0 0.01378431975600023 0.72525463085371 0.026686933662472257 0.062225518316784016
0 0.24698048723344457 0.6346886524905586 0.021294163677722223 0.03945387246635467
1 0.5796587096492503 0.9161955030465274 0.02752961664125003 0.03896009644605821