1 0.3987734935252851 0.20747731194290794 0.030896969154669593 0.03417658071120968
1 0.4617382862458462 0.2162042903506847 0.027307176434108557 0.037189499485665085
2 0.56125 0.23916666666666667 0.0425 0.44166666666666665
2 0.6875 0.13333333333333333 0.0875 0.26666666666666666
2 0.8275 0.12166666666666667 0.09 0.24333333333333335
1 0.675689503396086 0.13371803659899248 0.020977072794389075 0.03498880855420225
1 0.8250402806939818 0.13392781410114624 0.021057176434108555 0.036655475220868726
2 0.905862665640457 0.7226199407702745 0.14565090992986426 0.4274005543890739
0 0.9233840141897376 0.5408675747409893 0.04397352375046154 0.06019122681432274
1 0.9053187273311177 0.7861668838095263 0.047707694632705966 0.04723171046634699
1 0.5847402566334435 0.6533442196136349 0.023477072794389073 0.03520241826012068
1 0.7127050493540046 0.6676250503752941 0.02718702097452933 0.03468949948566508
1 0.8219682874787737 0.7054106131955233 0.02573676187523077 0.0304160279660393