1 0.09940975744822182 0.43989579421041525 0.04643963404244445 0.04843673588450959
0 0.1268557498487776 0.15743537172423733 0.052936933662472256 0.06284587778649742
2 0.1122744784966386 0.34783224963399295 0.16845130562205582 0.4545649468810821
1 0.03464407773669407 0.31646797585914754 0.02738414627652787 0.030209310178546882
1 0.8992362381471664 0.3938110681085188 0.04944825775066675 0.0418913068355035
0 0.8806649831312776 0.0962229955476325 0.050945557370694415 0.0561064685492344
2 0.8782345829038053 0.30710482392803007 0.16657682819036126 0.490301290120287
1 0.48125 0.2733333333333333 0.0225 0.03666666666666667
1 0.6005168999250275 0.2729813426229138 0.028038240349472263 0.031900224368745664
1 0.6326828406544719 0.25755129965638396 0.026090505167111075 0.02766081513148265
2 0.15625 0.8291666666666667 0.0725 0.11833333333333333
2 0.06875 0.825 0.0675 0.11
1 0.00875 0.8208333333333333 0.0175 0.03833333333333333
0 0.068125 0.9825 0.04375 0.035
0 0.780625 0.78 0.03375 0.02
1 0.5201911168712772 0.9547346795458069 0.025102351823611143 0.04261232008441842
1 0.6343500015974162 0.8282416529247189 0.026468728115388983 0.04932748179814932
1 0.818125 0.785 0.02375 0.03
2 0.908125 0.8583333333333333 0.09625 0.17666666666666667
2 0.64875 0.8708333333333333 0.1025 0.20166666666666666