2 0.38875 0.04833333333333333 0.095 0.09666666666666666
0 0.13151983173552234 0.3496851325903086 0.041989610668735654 0.07507937180792074
0 0.3083947285851592 0.3007327203501438 0.04425997672981197 0.09180423975707375
1 0.0394917768263609 0.35646292685304765 0.03982128121376696 0.0600211705254344
2 0.95375 0.2841666666666667 0.0925 0.5683333333333334
1 0.959375 0.5291666666666667 0.08125 0.07833333333333334
1 0.6674753676265596 0.1037327768700113 0.02818869551604493 0.03288889359887785
1 0.7330493493235056 0.10151054287281672 0.032716750425206415 0.03559259808757967
1 0.9875 0.07833333333333334 0.025 0.03666666666666667
1 0.483125 0.9691666666666666 0.06875 0.06166666666666667
2 0.470625 0.7841666666666667 0.17875 0.43166666666666664
0 0.490625 0.5958333333333333 0.07375 0.055
1 0.34840647744488235 0.7315025774320909 0.023711658909937226 0.031018522443509368