2 0.1325 0.2825 0.265 0.495
1 0.3305396364490764 0.2696191424916822 0.030138891832632027 0.030534396805093518
1 0.4005178109681441 0.27371174764424533 0.02895436827542909 0.03297619552260737
1 0.5439265422202645 0.2695424611555871 0.03037897212288783 0.03970106347176018
2 0.625 0.22833333333333333 0.05 0.26
0 0.644375 0.12166666666666667 0.01125 0.04
2 0.729375 0.3416666666666667 0.15875 0.37666666666666665
0 0.684375 0.2075 0.06875 0.095
1 0.7275 0.5191666666666667 0.0675 0.021666666666666667
2 0.589375 0.765 0.12125 0.47
2 0.281875 0.765 0.56375 0.47
1 0.01385511819061101 0.6179233045339382 0.02270436827542902 0.03268518911017604
1 0.36527972203806974 0.6276111982459067 0.02768254279449664 0.0320846609067876
1 0.40379758069485194 0.6143863373617372 0.02705754279449664 0.032055560265544424
2 0.72875 0.685 0.1525 0.31
1 0.7372896311503387 0.6542487995962473 0.05383135433687301 0.05327778719775571