2 0.235 0.10083333333333333 0.085 0.20166666666666666
2 0.013125 0.23 0.02625 0.46
2 0.110625 0.09 0.07625 0.18
1 0.09400831404740011 0.05007787400842792 0.021492486291418374 0.03525325006838424
1 0.23182418776727573 0.0924717901964046 0.021274073663405915 0.03025325006838424
1 0.9383234214984452 0.12008500072146196 0.060345528384793144 0.05399121634457515
2 0.934375 0.165 0.13125 0.33
1 0.009375 0.6775 0.01875 0.028333333333333332
2 0.2394742107492226 0.6311334117737636 0.12347494294806523 0.30017683110741716
0 0.25324153697287727 0.5015253206001491 0.031565290500755905 0.037463208435909744
1 0.21457167184108583 0.6873558181006959 0.032524073663405775 0.030864453231850462
2 0.878125 0.8141666666666667 0.14375 0.37166666666666665
0 0.8953601897025352 0.655301459225756 0.048877115756780685 0.04838001318110893
1 0.8865212257077828 0.9575637691066303 0.04696571365211199 0.04744481265386469
1 0.54 0.8433333333333334 0.02 0.03
1 0.6588503771874622 0.8310965459475381 0.024289867349399686 0.02792302872490268
1 0.6939898213855058 0.811728980725836 0.02432626945406838 0.02875636205823601