1 0.1296909873352201 0.05232312387015952 0.02808692989592032 0.03125029191597567
1 0.2589349678870125 0.046982571313409 0.026771420171816517 0.029564231826860427
1 0.29397038037007833 0.03142985877362747 0.02683692989592032 0.031230898493527094
2 0.564375 0.060833333333333336 0.10625 0.12166666666666667
2 0.044375 0.9358333333333333 0.08125 0.12833333333333333
0 0.014723742197272021 0.908197579376194 0.019858350067736855 0.06027150791427857
0 0.3626796526449847 0.9303159046467423 0.031438556309269644 0.052955745427539114
2 0.213125 0.8233333333333334 0.08375 0.35333333333333333
0 0.2038084002709474 0.6751237219181108 0.02745927227490647 0.047064231826860425
1 0.21198914292088095 0.9309861453851168 0.02535498824054315 0.04120180835985442
2 0.315 0.8641666666666666 0.0925 0.27166666666666667
0 0.3039588864761375 0.7569540650116874 0.02966182089542542 0.055426655293866436
1 0.306875 0.9891666666666666 0.02625 0.021666666666666667
2 0.24655980868330707 0.7445031323997596 0.0689889837171755 0.3408630072989572
0 0.23832770782422444 0.5987085859113233 0.02551876255080259 0.045368475026520985
1 0.24733795250951104 0.8120322225334323 0.01821794934412793 0.03442847786972114
2 0.20375 0.6041666666666666 0.0525 0.10833333333333334
2 0.32625 0.6333333333333333 0.065 0.16666666666666666
1 0.3265102446852866 0.6465371064290452 0.018086929895920322 0.03109514453638771
2 0.39125 0.6925 0.0725 0.285
1 0.39056918995870843 0.7647825855294093 0.021244684757972154 0.03197696142584221
1 0.03125 0.56 0.0275 0.02
2 0.666875 0.8175 0.08875 0.365
2 0.741875 0.9458333333333333 0.09375 0.10833333333333334
2 0.588125 0.6325 0.06875 0.165
0 0.7367138159193962 0.9311651284108177 0.03133763410210008 0.06627938204964835
0 0.6631072600627881 0.665477829577799 0.02433427227490654 0.04701574827073917
1 0.592986871098636 0.59985840772335 0.017759381275401297 0.02276181120305438