2 0.125625 0.295 0.25125 0.59
0 0.025625 0.03916666666666667 0.05125 0.07833333333333334
2 0.900625 0.295 0.19875 0.59
1 0.9385822553904026 0.43825341064599693 0.08239387905690904 0.08516884392272706
1 0.46404174904859785 0.14752846473237413 0.03382427352084335 0.04611025951027462
1 0.5933148818546868 0.1552494336803257 0.028518671939110264 0.03568304009843738
1 0.6320277450942652 0.13694711988187636 0.02744693952845452 0.04140956857881141
2 0.395625 0.8766666666666667 0.06875 0.24666666666666667
1 0.1725 0.9841666666666666 0.0275 0.03166666666666667
1 0.20850160124578948 0.9691289549600121 0.02596773834215469 0.0338027637258521
2 0.875 0.795 0.25 0.41
1 0.8558785210025807 0.8366040172659064 0.07247027945234237 0.08681440509905276