1 0.5204856024802221 0.28866861847646164 0.04515214141165174 0.04930595908437245
2 0.524375 0.18583333333333332 0.17875 0.37166666666666665
1 0.13624483335387316 0.1896323006355373 0.028286465726803982 0.03746348453250448
1 0.2672487106983949 0.17485369109680435 0.02823910605873877 0.03663015119917124
1 0.30627354439163385 0.15665275721229382 0.03198910605873877 0.03686302994190991
2 0.6675 0.26 0.095 0.38
0 0.6667500934415013 0.10787664295642625 0.03077714141165174 0.04841325723720724
1 0.6556485443916338 0.3360935369183902 0.024536465726804017 0.037230605789765815
0 0.6781802077986099 0.09305015318533315 0.02097590439906483 0.040331060380360384
2 0.7150156962610892 0.21199990118671447 0.08280797328482264 0.3721758325885226
0 0.7153587525296095 0.05254328491977155 0.024574501079716954 0.048858459332642684
1 0.6995413614881333 0.27607068387205386 0.023627307718412746 0.03219179266597602
2 0.776875 0.3333333333333333 0.09875 0.35333333333333333
0 0.7857641266349803 0.18352497777938104 0.025919220415847377 0.05060275224688889
1 0.7675127438918738 0.42796333631257627 0.02660090439906483 0.040680378494468525
2 0.9093433365930239 0.20076235302142295 0.1029974119570835 0.37675118588312917
0 0.9159837525296095 0.040084272183248754 0.027216580083912447 0.05151371182780184
1 0.9031112471310248 0.277545459059459 0.023769386722608345 0.034691792665976016
0 0.42357109094270157 0.9566960421320653 0.03947045742843414 0.058917827846474514
0 0.44137537376600505 0.8625864463229362 0.03475461543682542 0.06360732285615617
0 0.61 0.8033333333333333 0.02 0.06666666666666667
0 0.5392441887030707 0.8938763465165697 0.04316377344521669 0.06911189346542339
0 0.080625 0.545 0.06625 0.07
0 0.7764435963412862 0.8260751556680356 0.02975461543682556 0.06329681786583781
0 0.801875 0.985 0.03375 0.03
0 0.834375 0.5291666666666667 0.02875 0.03833333333333333
0 0.7226484509501325 0.6658286145041378 0.0270178170964995 0.05897489870401202
0 0.789779636013067 0.6242920496299995 0.02976393975197766 0.05250229765629432
0 0.9825 0.8633333333333333 0.035 0.07333333333333333