2 0.233125 0.18916666666666668 0.11125 0.3616666666666667
2 0.075625 0.2275 0.11375 0.285
2 0.3425 0.1825 0.055 0.365
2 0.06125 0.055 0.0825 0.11
2 0.173125 0.095 0.08625 0.19
0 0.08272867932498386 0.11777258658194105 0.03240601875617344 0.05401699004302183
0 0.24050425111052667 0.04336096493832315 0.02759545742843429 0.05723395627683374
1 0.363125 0.21416666666666667 0.01375 0.03833333333333333
1 0.16259666272824436 0.0743022298726919 0.026496860747782167 0.048886077056060157
1 0.0545197604886134 0.021058064503710814 0.024829948050347567 0.030538197835286763
2 0.48125 0.20833333333333334 0.1175 0.3233333333333333
2 0.42375 0.185 0.0925 0.37
2 0.695625 0.0775 0.08125 0.155
2 0.92125 0.0525 0.0825 0.105
2 0.536875 0.049166666666666664 0.09125 0.09833333333333333
0 0.435 0.0125 0.03 0.025
0 0.4869716627282443 0.08492770303261978 0.0373019751048907 0.06328547792176967
0 0.79125 0.01 0.0325 0.02
1 0.3903148124382659 0.061378074027394786 0.023911465726804016 0.036342439393739594
2 0.40375 0.07083333333333333 0.0675 0.14166666666666666
1 0.5097271096988749 0.10187495930989277 0.020691746390673556 0.03460304328987225
1 0.6968396461315048 0.038431801735812884 0.022282588382282427 0.02964668095219262
1 0.916875 0.005 0.02375 0.01
0 0.775625 0.01 0.02125 0.02
0 0.7710509661277893 0.23727234848984136 0.047131923155238266 0.09347457445849215
0 0.754242712518463 0.20354205844638007 0.040947931453607964 0.0725248740256374
1 0.41742365840937656 0.2762950164519968 0.027273264067130043 0.04058183549760732
2 0.750625 0.2733333333333333 0.16375 0.19333333333333333
2 0.7725 0.17 0.115 0.34
2 0.06 0.69 0.12 0.33666666666666667
0 0.07262611185830878 0.5422746735993731 0.03679034307132554 0.043300023809210116
1 0.019375 0.7658333333333334 0.03875 0.041666666666666664
2 0.38625 0.48333333333333334 0.0325 0.22666666666666666
2 0.39625 0.415 0.0525 0.09
2 0.50625 0.8791666666666667 0.1275 0.24166666666666667
0 0.3818519228158725 0.6297948974059469 0.022642817096499356 0.057950922510645646
0 0.5132417875431566 0.7890220727319062 0.030919220415847378 0.04982123160147486
0 0.484375 0.9941666666666666 0.03375 0.011666666666666667
1 0.37375 0.5133333333333333 0.0075 0.023333333333333334
0 0.9051126298741312 0.3845921199214256 0.01718786904615172 0.027863647186004526
0 0.8408983575086313 0.4052279212195506 0.01846658008391273 0.05036364718600453