2 0.42875 0.29833333333333334 0.0825 0.5
1 0.45625 0.3908333333333333 0.0275 0.051666666666666666
1 0.1866856283449272 0.2697789676788913 0.02686831185006838 0.02935172932168143
1 0.2579901852728744 0.2695147499962323 0.0263524257059629 0.03432748179814932
1 0.40039925705962903 0.2598196479642476 0.02749331185006838 0.029375976845213547
1 0.6173902837152992 0.4827446807783893 0.09564130683550359 0.09030379519648098
2 0.750625 0.315 0.37375 0.63
0 0.9104492292946346 0.43968167805163716 0.08018478696213123 0.15464911206111462
2 0.410625 0.815 0.11875 0.37
1 0.445 0.975 0.05 0.05
2 0.303125 0.7933333333333333 0.13625 0.32666666666666666
1 0.30337689311129085 0.8035855293403048 0.048518395988348006 0.04850947845510603
1 0.004375 0.7191666666666666 0.00875 0.035
1 0.0670742149904892 0.7243450173315077 0.03074561134861199 0.03533054779620727
1 0.2083242149904892 0.7188650770132538 0.03012061134861199 0.03530630027267515
2 0.545625 0.8491666666666666 0.06875 0.3016666666666667
2 0.65 0.8383333333333334 0.0725 0.3233333333333333
1 0.530529487093813 0.9601950829597908 0.0213524257059629 0.03413350160989239
1 0.632672462390763 0.911194241576995 0.020745611348611987 0.0349425874196937
0 0.5429738784373709 0.7278494856342256 0.024197952916295264 0.050063825037354286
0 0.51375 0.6491666666666667 0.02 0.03833333333333333
0 0.6346373388755134 0.685927518818142 0.020672868778015642 0.031609254086360415
0 0.6468463685931283 0.6721092350141666 0.024197952916295264 0.05006382503735424
2 0.7425 0.7308333333333333 0.0825 0.20166666666666666