1 0.05193414162088892 0.30916666666666665 0.024938754922121262 0.025833333333333333
2 0.63125 0.235 0.1825 0.31
0 0.6325305102140172 0.11333333333333333 0.051400294483978544 0.06416666666666666
2 0.313125 0.7716666666666666 0.35625 0.45666666666666667
2 0.581875 0.825 0.08375 0.35
0 0.565433300238093 0.6858333333333333 0.03454348012662766 0.065
1 0.55 0.9925 0.02 0.015
2 0.568125 0.4716666666666667 0.05625 0.16333333333333333
1 0.55 0.44666666666666666 0.02 0.03333333333333333
2 0.600625 0.4483333333333333 0.06625 0.11666666666666667
1 0.588125 0.3983333333333333 0.02125 0.016666666666666666
2 0.665 0.5325 0.08 0.285
1 0.6573476020590315 0.5408333333333334 0.023925168276559175 0.03666666666666667
2 0.7825 0.44916666666666666 0.085 0.11833333333333333
1 0.7802754905255322 0.4066666666666667 0.021316054420664726 0.03166666666666667
2 0.9025 0.44416666666666665 0.075 0.10833333333333334
1 0.9034071786754637 0.435 0.0213524257059629 0.03333333333333333
1 0.99125 0.4058333333333333 0.0175 0.03166666666666667