2 0.27044520987927756 0.2638777030423326 0.17802996413266697 0.4652757252272594
1 0.25207186512263857 0.3502347296886659 0.0470646340424446 0.04810197426525936
1 0.05982073244758311 0.2346002341458143 0.024927787385944384 0.0324231125632222
1 0.19300392059347204 0.22713554245436968 0.025465505167111074 0.027442508611851886
1 0.3632657672499721 0.20685981722711025 0.026657317021222298 0.024147967375777835
2 0.615625 0.4141666666666667 0.28125 0.5483333333333333
0 0.654342770517222 0.17884727203796255 0.06994285699072236 0.07046689868259269
1 0.6060078411869441 0.6217746818655552 0.0884024388295834 0.09019605075951859
1 0.865242073936972 0.2997332194552586 0.026831881458888915 0.034147967375777834
2 0.266875 0.9475 0.11875 0.105
0 0.25983580205236095 0.9191097588681474 0.03882325775066676 0.04118315896640752
1 0.97625 0.7341666666666666 0.0475 0.045
2 0.935625 0.8025 0.12875 0.22833333333333333