0 0.3454211375710588 0.03071157433331261 0.03603295373200439 0.05117331781987464
1 0.2817382862458462 0.23152814224980858 0.03714696915466959 0.03554405769875662
2 0.34125 0.18166666666666667 0.17 0.36333333333333334
1 0.11051994448135752 0.18608674005933834 0.030856917334809993 0.03403048032470565
1 0.23650541086009505 0.1922596452777605 0.025231917334809992 0.033418260688059906
1 0.26918144725728965 0.17906222321875323 0.025937020974529334 0.03515295175879828
2 0.679375 0.415 0.09625 0.29
0 0.6851007230121811 0.30282129359625926 0.03506331647102257 0.05687060234506447
1 0.67875 0.5383333333333333 0.03 0.043333333333333335
2 0.7875 0.37666666666666665 0.1 0.36666666666666664
0 0.795011267737172 0.22515075121771871 0.03506331647102257 0.05687060234506437
1 0.7869543744629004 0.4973616131169594 0.028092383713547518 0.041190358304346926
2 0.8595558266519006 0.3201334356656114 0.08720645342192768 0.35268675766010804
0 0.8645697396677738 0.17659602912006286 0.031793938309339326 0.06646245592063395
1 0.8663274583610181 0.3753204683933545 0.024462539173126744 0.0432822118799163
2 0.6475 0.37666666666666665 0.0725 0.36666666666666664
0 0.6567903349796969 0.22518538232193322 0.03369316101144335 0.054234553536920964
1 0.6430283380657059 0.49845069125119473 0.030207694632705964 0.04639443151656224
2 0.5982899975341448 0.3051005925010241 0.08937764527870136 0.3719894731349182
0 0.6017893769287557 0.15385911274326028 0.031914093768918544 0.06896245592063394
1 0.5876417328829819 0.3567162752480914 0.025832694632705894 0.04591826068805991
2 0.5375 0.39166666666666666 0.0725 0.33666666666666667
0 0.5540425885271313 0.2584001199330478 0.027018420110742056 0.05765295175879837
1 0.5306326644075294 0.49710765625568454 0.030167642812846153 0.045561098183228906
2 0.499892070328534 0.2608833545162104 0.07685342257659727 0.3830609606494114
0 0.5086718124621629 0.10435273665768728 0.024478368290882315 0.05654752080917798
2 0.4525 0.32083333333333336 0.045 0.365
1 0.49014173288298196 0.346104468212898 0.023797487353267 0.04238085414251126
0 0.4539773559542262 0.17044140219047027 0.026898264651162903 0.05515295175879828
1 0.440625 0.37916666666666665 0.02125 0.041666666666666664
2 0.455 0.105 0.05 0.21
2 0.7675 0.07916666666666666 0.0625 0.15833333333333333
1 0.7696088334366923 0.10008286434746443 0.017731917334809992 0.03260196783919885
2 0.8429741443558507 0.10304171962385944 0.058426711288298634 0.19370726125500173
1 0.8433588334366923 0.10810974402793119 0.020456399136212725 0.024608756526224292
2 0.8113245842081946 0.17331395477396394 0.0697316341749729 0.2736902207705294
0 0.8094961135105204 0.06756568632917465 0.021113057371723868 0.051207398788819206
1 0.8132005422591359 0.23885815000653793 0.022547487353267 0.04224480533436785
1 0.5828381597785159 0.09064492526741562 0.027082694632705896 0.04605430949620341
2 0.348125 0.8008333333333333 0.16375 0.3983333333333333
0 0.405 0.66 0.05 0.09666666666666666
2 0.158125 0.78 0.31625 0.44
1 0.12413204380214025 0.8240964417215153 0.027026813695090367 0.03195566723360855
1 0.16047797655961538 0.8129738327536051 0.02640181369509051 0.03188764282953684
1 0.7961766027168687 0.9285687368381436 0.036241606415651544 0.029642699961351583
0 0.8265500240605386 0.7149121844351064 0.03093702097452933 0.03569714699137232
2 0.803125 0.8433333333333334 0.13375 0.31333333333333335
1 0.48563914188999546 0.8537232014689342 0.030632435533407262 0.04229578925396728
1 0.6072095564488733 0.8602532691921874 0.03148191733480999 0.03409850472877736
1 0.6453503855666289 0.8510014001031594 0.027731917334809994 0.033690358304346926