1 0.20854489528415368 0.16929756170288868 0.0280866589099373 0.0308146340424445
1 0.27739693189026127 0.168830663020296 0.02991064060688345 0.03003948885500004
1 0.4207898037688846 0.15853623850214774 0.02933665890993737 0.03085342613970378
1 0.5463637854658308 0.15380429939425866 0.03011471381909871 0.03337282218833337
1 0.5815934194047545 0.13601266190707345 0.02991064060688345 0.03003948885500004
2 0.9825 0.16583333333333333 0.035 0.3283333333333333
1 0.625625 0.21166666666666667 0.01125 0.03333333333333333
1 0.7402665309239029 0.2026087119566293 0.02876267721299115 0.03166736342440743
1 0.7760701465597728 0.18396434508748105 0.03001267721299115 0.03170615552166661
1 0.0804451465597728 0.7440295008107777 0.034897860243529276 0.040175261195407375
1 0.22253700013534228 0.7329405350565553 0.032971841940475456 0.03928373971618517
1 0.3484298720139656 0.7231891999000367 0.032716750425206415 0.035117073049518506
1 0.3838125608620507 0.7078975624128515 0.028915732122152635 0.034167363424407425
2 0.968125 0.6716666666666666 0.06375 0.5933333333333334
1 0.7128307421917635 0.5645046474181478 0.02688767721299115 0.03160917527851855
1 0.7786598154039787 0.5658013956453698 0.030994805334367756 0.03755888490362963
1 0.9174608337070325 0.5623288061829252 0.029795823637421677 0.03835342613970378