2 0.1644652907823074 0.2265028766254023 0.07700285892771404 0.3554903424237231
2 0.04798781675713364 0.24419386580183583 0.09259914788995342 0.33338308138460815
2 0.2221353427319599 0.25512101731858505 0.08599898158319234 0.3490418640686592
2 0.31079062339582947 0.254722167968746 0.09334831635614833 0.41246247272663367
2 0.4375235443916338 0.25426935281838925 0.09410533295288787 0.37086853549716786
2 0.53625 0.14666666666666667 0.065 0.29333333333333333
0 0.05546131999628448 0.101708411689276 0.02885478174358653 0.046444260605820964
0 0.17241239070211037 0.07568408917950914 0.018381185062934405 0.037878193073444685
0 0.23036660066015407 0.09930222987269192 0.02746270273939089 0.043915168830940605
0 0.3090125570088713 0.0883173272760026 0.020540343071325823 0.04292183073576524
0 0.44877575866854535 0.08922571515606864 0.020303544730999618 0.038755164069098576
0 0.55 0.0125 0.02 0.025
0 0.4368060393324149 0.09116875368409874 0.014725904399064831 0.03945758441547033
0 0.1575 0.69 0.0375 0.04
1 0.033583367627069156 0.32192660000087875 0.01857994805034753 0.030392738960884933
1 0.14872544663126475 0.31675015671188544 0.019204948050347496 0.030407284848325087
1 0.20669904331191688 0.3070786017340554 0.02156286904615193 0.0279654683980858
1 0.2972766836438517 0.30580278138856243 0.02112730771841271 0.03128425584397898
1 0.4153535858834826 0.35881421255850054 0.018532588382282427 0.029559405627551504
1 0.5557346775049158 0.184107455416836 0.01690371103776073 0.02286364718600453
2 0.6575 0.355 0.1775 0.71
0 0.6678778683674202 0.6089286870183108 0.060465748550107466 0.13040306709908198
0 0.725 0.9841666666666666 0.0275 0.03166666666666667
2 0.824375 0.8708333333333333 0.07625 0.25833333333333336
1 0.819375 0.9875 0.02125 0.025
1 0.654375 0.98 0.03375 0.04
2 0.746875 0.7908333333333334 0.05875 0.16166666666666665
1 0.744941101739871 0.7838118874489688 0.018295790041956222 0.025392738960884932
2 0.809375 0.7691666666666667 0.05375 0.11833333333333333
1 0.8075645321137621 0.7582197238131644 0.017670790041956364 0.02537819307344468
1 0.7142221204960444 0.7312640320374052 0.015843149710021508 0.026167888744457503
2 0.961875 0.7616666666666667 0.05875 0.10333333333333333
1 0.9638432431515227 0.7321123437279994 0.017093149710021578 0.026196980519337863
2 0.906875 0.7358333333333333 0.04375 0.051666666666666666