2 0.559375 0.14666666666666667 0.12875 0.26666666666666666
0 0.5730714948005476 0.04355478747111431 0.038943353919208334 0.04135191966930369
1 0.5472541926098344 0.2382524728939544 0.03842746777510286 0.046288773445216785
1 0.15197659862731228 0.20803459406873046 0.02317286877801564 0.03310659740046342
1 0.21835389812585576 0.20717442764884747 0.026279683135366553 0.032588995187564744
1 0.3490152694111539 0.19564353348134242 0.02561831185006838 0.030859182296811127
1 0.45963358126122245 0.21286313137537324 0.02504786877801564 0.03329603607272427
2 0.885 0.14 0.23 0.28
0 0.905 0.014166666666666666 0.08 0.028333333333333332
2 0.3973451208230797 0.465733512791979 0.08653345505380301 0.3646230909016219
2 0.28125 0.3775 0.0725 0.195
2 0.19917706138785005 0.5124806787182945 0.07987668276559184 0.3739284824366655
2 0.385 0.32416666666666666 0.07 0.08833333333333333
2 0.206875 0.34833333333333333 0.05875 0.13666666666666666
2 0.14125 0.3933333333333333 0.0675 0.22666666666666666
2 0.1275 0.7775 0.0875 0.445
1 0.2765650169963152 0.3560014824777451 0.015691054420664728 0.03318217604475346
1 0.14021071248320674 0.42239365177687327 0.019975126207419435 0.02945753294669534
1 0.19091138558944348 0.564261205412932 0.020029683135366624 0.031957532946695434
1 0.39420674452321663 0.5228422030272543 0.020672868778015642 0.03285401250411553
1 0.21069210614915967 0.3225686897827876 0.017420569279472175 0.026704948050347545
1 0.11447870208430214 0.8793263198831627 0.026534282132453627 0.04425566185423141
0 0.01125 0.8075 0.0225 0.085
0 0.11449102665567025 0.5928615243089598 0.03182525241483873 0.05809416498026034
0 0.168553113116345 0.7452466801579171 0.037795779625171166 0.07449581433037622
0 0.19625586107128093 0.3499175324942076 0.024416180628084164 0.06150307695788371
0 0.386875 0.3016666666666667 0.02125 0.043333333333333335
2 0.175625 0.8516666666666667 0.12125 0.2966666666666667
2 0.03875 0.8758333333333334 0.0775 0.24833333333333332
2 0.794375 0.6466666666666666 0.26875 0.7066666666666667
0 0.8043396804431967 0.3348017042200932 0.08000480934278599 0.06545642423495518
1 0.8173988506723764 0.8471122655478324 0.09494356426490726 0.09274212072228825