2 0.22875 0.1475 0.0925 0.295
2 0.12425507341454303 0.2590016549477044 0.10380756816537556 0.4503824536286455
2 0.036875 0.15083333333333335 0.07375 0.3016666666666667
2 0.01625 0.48 0.0325 0.26
1 0.015535773599113156 0.17700082747385218 0.021401813695090473 0.030875544314015048
1 0.11634807773347966 0.371715264653623 0.025672487353267003 0.04202929220622612
1 0.2202805916131403 0.24249775036298654 0.026417642812846153 0.044582694632705776
0 0.13147183652270136 0.06999519556047663 0.025672487353267003 0.04202929220622622
2 0.860625 0.305 0.27875 0.61
0 0.83375 0.034166666666666665 0.0775 0.06833333333333333
1 0.9265809531192309 0.48067245898363203 0.09096028562569244 0.09242293728066973
1 0.343125 0.2783333333333333 0.00625 0.03333333333333333
1 0.4000067063565883 0.27337201727574667 0.030352072794389073 0.03578984495139669
1 0.5427870690956064 0.25536293070505584 0.03148191733480985 0.033396649804356
1 0.6718174318346244 0.23852869751691713 0.02702681369509051 0.03135616615233175
1 0.7082434682318192 0.21881809254091109 0.02890181369509051 0.03151637343177072