2 0.38125 0.14333333333333334 0.0975 0.2866666666666667
1 0.413125 0.1275 0.03375 0.04833333333333333
1 0.0591299287844069 0.019326840101870177 0.026780938246962906 0.03704483840441185
1 0.19997365044322174 0.020478413409750117 0.029796577417555453 0.03542665529386644
1 0.3232468257872587 0.0494305847655814 0.028898175344037044 0.03125029191597548
2 0.524375 0.375 0.12625 0.33
2 0.639375 0.31416666666666665 0.10625 0.45166666666666666
2 0.779375 0.4683333333333333 0.12125 0.14333333333333334
2 0.925625 0.33666666666666667 0.10625 0.4066666666666667
2 0.7387536817722585 0.2111692152344752 0.10319214537255504 0.37372178561425395
2 0.9425 0.0675 0.0725 0.135
2 0.46375 0.3225 0.0675 0.435
0 0.44263712486362905 0.14152121599830308 0.022905711517481393 0.06362423467006048
0 0.5108315375309992 0.24640427163166123 0.041522835249814705 0.07140543929556334
0 0.6186919186430735 0.12627704672184398 0.03945262902925919 0.05888604587311486
0 0.636875 0.006666666666666667 0.02875 0.013333333333333334
0 0.725536320490333 0.047874668746038844 0.025398061979296217 0.04451574827073917
0 0.7644939916687398 0.4318280077657723 0.03758527856744436 0.07800422898366037
0 0.7924172695574065 0.2662268116698696 0.03529635068807409 0.062151502227878457
0 0.9083009393782586 0.16349292293658568 0.03367123732333312 0.07544604871631501
0 0.964375 0.525 0.04625 0.03
0 0.5035049287844069 0.06800306131975821 0.024773061979296216 0.044506051559514974
1 0.4549473008864435 0.41494181973265465 0.010780824882222149 0.05011636053469071
1 0.6448691050334804 0.420337049565044 0.02828082488222215 0.05038786844896966
1 0.7467764036573326 0.2952970950562449 0.024905938246962904 0.03701574827073917
1 0.9185485587187027 0.4436189801825009 0.02901518571162967 0.05206423182686042
1 0.9548719391519995 0.08185476257164073 0.020421577417555455 0.03528120462550286
1 0.7948954545902588 0.07516075726715457 0.020773175344037043 0.031124234670060483
1 0.7732386094253698 0.1455680191385725 0.022405938246962905 0.036976961425842204
2 0.8672767437515548 0.25338684294507025 0.09044169191359203 0.4268030044557571
0 0.8634814133461477 0.07159411903248847 0.028093268199851737 0.05704483840441194
2 0.623125 0.5816666666666667 0.09375 0.08333333333333333
2 0.7175 0.5983333333333334 0.1025 0.11666666666666667
2 0.851875 0.5883333333333334 0.10375 0.09666666666666666
0 0.6147427446565914 0.9229431295565594 0.041093041470370226 0.08388604587311477
1 0.8425 0.5533333333333333 0.02 0.02666666666666667
2 0.615 0.9391666666666667 0.165 0.12166666666666667