0 0.016875 0.5808333333333333 0.03375 0.058333333333333334
0 0.06692697921687962 0.10685436644272099 0.02111002990309345 0.04660207279438912
0 0.14427844297800946 0.07345899403961993 0.02093521287323469 0.04326873946105583
0 0.2540816282281439 0.1201605124449352 0.021922987328446483 0.03837554431401505
0 0.41382796882531947 0.1734765724916924 0.030821523567316832 0.06568304009843738
1 0.005625 0.2658333333333333 0.01125 0.021666666666666667
2 0.018125 0.21583333333333332 0.03625 0.375
2 0.07293188595601884 0.24529450462901362 0.0801870838777068 0.35445350688815086
2 0.15436984338137194 0.22996545342684768 0.07748598605685941 0.37413309232927294
2 0.07875 0.08166666666666667 0.06 0.16333333333333333
2 0.19412961555659045 0.16211401933308603 0.05223261783658373 0.31971060497600606
1 0.193438913579119 0.2207677672252972 0.017910761783658417 0.03305512975513731
1 0.2661440032883995 0.3501605124449352 0.021297987328446483 0.03832214188753549
1 0.4201210907176866 0.4131772634231554 0.01974205752619369 0.03238200370124275
2 0.2595663669486886 0.28459419124400004 0.08641080308671817 0.3782140596333213
2 0.42534418625854076 0.33320956035929417 0.10174729675094142 0.3977756487756863
2 0.16875 0.8033333333333333 0.225 0.38666666666666666
1 0.13509967536277742 0.7823449023255807 0.062434298022528624 0.06340656384889902
2 0.700625 0.805 0.14125 0.39
1 0.793125 0.625 0.03125 0.03