1 0.3449225957673329 0.03681783048583782 0.027984622303829667 0.031190358304346924
1 0.41570065067649437 0.04700458814594583 0.027665732122152634 0.036122333900275215
2 0.52625 0.37416666666666665 0.1125 0.4116666666666667
2 0.48625 0.31666666666666665 0.0325 0.47
2 0.705625 0.1575 0.08625 0.315
2 0.935 0.14666666666666667 0.0875 0.29333333333333333
2 0.615 0.09416666666666666 0.0875 0.18833333333333332
2 0.538125 0.11666666666666667 0.09625 0.23333333333333334
0 0.5049219768651543 0.21055986037887162 0.03897942763819742 0.06880936662801825
0 0.8100880184383962 0.15520132253586572 0.03372433612292866 0.06409850472877755
1 0.478125 0.04666666666666667 0.01625 0.03
1 0.6174988653460058 0.08208992810212483 0.02318869551604493 0.033979496405106224
1 0.5304193795323381 0.23154614547100322 0.021568787031313975 0.037942089859557576
1 0.7166440251063558 0.19055889764214926 0.02308665890993723 0.032312829738439554
1 0.660254060011638 0.0503210185286243 0.02068869551604493 0.033707398788819204
1 0.8892718287398982 0.11001387720667036 0.020892768728260194 0.03704073212215254
1 0.9402920916506113 0.1726837319161235 0.02427286024352924 0.04154752080917793
0 0.7943099635292348 0.1510007124340719 0.02325239103208986 0.06544208985955757
0 0.8188246191728632 0.40945305409107635 0.04899210485118857 0.10052701721428434
0 0.797306850444603 0.3723442975648521 0.04266562897178943 0.07831615531504364
1 0.5142833712988951 0.5460020877722468 0.0326019334557445 0.04576517139544421
2 0.81 0.45916666666666667 0.1675 0.24166666666666667
2 0.8093095509277822 0.3148782409999793 0.12193776716277682 0.40977847370186016
2 0.235 0.79 0.47 0.42
2 0.686875 0.79 0.43375 0.42
0 0.5125 0.6225 0.085 0.085
1 0.82540680546971 0.8371910707384188 0.02996165890993723 0.0330610981832289
1 0.9670777322574949 0.8492992771293733 0.029808604000775743 0.030561098183228903