0 0.359850532594672 0.1209990583009639 0.03609113855894435 0.05326325122403053
2 0.35375 0.21333333333333335 0.1375 0.25333333333333335
1 0.05260888920605012 0.30931941713808553 0.02754786877801564 0.03333904409464253
1 0.08924078770168066 0.2884396212274826 0.028797868778015642 0.03345558878121494
0 0.8804084264455123 0.11546811996328178 0.03687312119285451 0.08909658455736387
1 0.7266057483247107 0.2179616327151759 0.027984324201593438 0.05333904409464253
1 0.8144924561631273 0.13492004934167237 0.02780246777510257 0.0450057107613092
1 0.9197173720248476 0.1434053566596279 0.02464109648980454 0.04304768237821122
2 0.980625 0.15416666666666667 0.03875 0.30833333333333335
0 0.654375 0.05416666666666667 0.00875 0.06166666666666667
2 0.74125 0.17 0.11 0.34
0 0.21790842644551234 0.9004681199632819 0.03687312119285451 0.08909658455736387
1 0.06375 0.9875 0.0275 0.025
1 0.15199245616312723 0.9199200493416724 0.02780246777510257 0.0450057107613092
1 0.2572173720248476 0.928405356659628 0.02464109648980454 0.04304768237821122
1 0.41508589422061504 0.8396706041713965 0.02455016827655925 0.03888101571154456
1 0.4861952184222085 0.7823107683900022 0.022693353919208334 0.03953953201501899
2 0.35 0.815 0.1025 0.37
0 0.3484216067038218 0.493271679689128 0.024270695486891612 0.05465607670159159
0 0.30159635428898296 0.5525255607490248 0.023572952916295263 0.051264471024971954
0 0.4010804681448774 0.5382602581665098 0.027577551913382337 0.06328077175135623
0 0.3441787155451513 0.43046279744537097 0.023572952916295263 0.051264471024972
0 0.2921649185538902 0.47024112959484415 0.023609324201593437 0.05293113769163862
0 0.49560095328607007 0.522794467663618 0.02239569548689161 0.054481259671732875
0 0.4893001539724139 0.6971942237034298 0.08453596489804567 0.41538428687097073
0 0.1430856981790614 0.41345143099349924 0.021163881129540697 0.05519804831849361
0 0.21677152256554222 0.5238422051125756 0.022377509844242523 0.053647926338399446
0 0.07691407717109427 0.6732705149589329 0.03149122269722397 0.07113040581107374
2 0.07875 0.8141666666666667 0.11 0.37166666666666665
1 0.6959866093959916 0.6397444558250168 0.030175168276559177 0.03940546680112088
1 0.8230070945371841 0.6212485034712396 0.029441054420664726 0.03434719445783457
1 0.8571389930328146 0.6006017969337817 0.02749331185006838 0.030839044094642533