2 0.32 0.13833333333333334 0.06 0.27666666666666667
0 0.32445565414461314 0.025648698714372743 0.019972406326932344 0.04014544574527387
0 0.343125 0.018333333333333333 0.01375 0.03333333333333333
2 0.664375 0.28 0.10125 0.36
2 0.466875 0.185 0.09125 0.37
2 0.586875 0.15666666666666668 0.09125 0.31333333333333335
1 0.44410130153711586 0.3168756945077962 0.021771005931499054 0.037659990319801294
1 0.6540291548908624 0.4026907462875668 0.026273339923887848 0.0418605943270317
0 0.6612341319854775 0.12601438323788197 0.02530347470714318 0.05101756461068021
0 0.464375 0.0175 0.02375 0.035
2 0.04443127863173103 0.6621639602317826 0.08120751820480279 0.32638602716537407
0 0.04865876717903859 0.5238306268984493 0.023071939528454665 0.03933635336948622
1 0.030900936730676846 0.7162385112597757 0.020444605536065693 0.03515029393678295
2 0.419375 0.9191666666666667 0.10375 0.16166666666666665
2 0.365625 0.7408333333333333 0.03125 0.33166666666666667
2 0.47626701499671936 0.7449440441268382 0.06748298500328048 0.3271127002855065
2 0.463125 0.58 0.08875 0.24
2 0.383125 0.56 0.06625 0.2
0 0.41136359285245633 0.8844737695504526 0.02527800790866536 0.05018423127734688
0 0.42888905965093405 0.8837761855793749 0.023236410281265024 0.06516483851131057
0 0.4728926363501159 0.6098858658287286 0.023097406326932343 0.04016968670281955
0 0.3575 0.6025 0.015 0.051666666666666666
0 0.463125 0.46416666666666667 0.01625 0.008333333333333333
1 0.47500747190936543 0.8066155589850139 0.020317271543677008 0.030983627270116283
0 0.37199600906522035 0.7816440925278318 0.020150673916276604 0.0459787790786072