2 0.11751596714588679 0.33916188210365705 0.08691820199903973 0.40116500105512765
2 0.035625 0.18166666666666667 0.07125 0.36333333333333334
2 0.19435145560836617 0.22334741745692996 0.08533594623027951 0.34046268717000194
2 0.24202150755801866 0.1967975962597302 0.06620706888575768 0.33248582602125926
2 0.188125 0.5275 0.12875 0.165
2 0.3305913932009101 0.1888761899576259 0.07858363851186667 0.3092799686414484
2 0.415625 0.4216666666666667 0.08875 0.37666666666666665
0 0.17051975104890715 0.4831396821939728 0.03461253643262978 0.06135032413679331
0 0.275625 0.5691666666666667 0.04625 0.08166666666666667
0 0.17837407502469368 0.07365667299743289 0.026023264067130042 0.0416595796772963
0 0.22622424133145466 0.06122984531749722 0.022311299420043014 0.05302053429814521
0 0.022957162327259015 0.044536071761673575 0.02261410605873877 0.036441213930283614
0 0.09325996896595484 0.03284814412689582 0.021695623735195256 0.04218720096481192
0 0.0705425573482372 0.06031155796686363 0.021117983403260467 0.042976861148742766
1 0.028215561667104972 0.2465993402676482 0.018532588382282354 0.030345841700535062
1 0.11369137262466858 0.42521712467868816 0.027756185062934407 0.03929059912550391
1 0.40605935602792903 0.48714813266813084 0.02261410605873877 0.036441213930283614
1 0.20414410639810462 0.2970738091348862 0.02736798340326047 0.04341359264276813
1 0.24498651801582227 0.2708769166275918 0.018532588382282285 0.030345841700535062
1 0.40839272365499824 0.06814907160970392 0.019044220415847236 0.05030216855113252
0 0.4007342102974096 0.25104921694369714 0.02981129942004287 0.05354461209097565
2 0.44048808764193126 0.2604672920227234 0.09312010423867065 0.3459867649628325
0 0.42340278606245435 0.11318920126442128 0.025777141411651598 0.048282573194560426
2 0.57375 0.37416666666666665 0.1275 0.4716666666666667
0 0.531875 0.1725 0.04375 0.065
1 0.573435925654038 0.48161936016743484 0.055294220415847375 0.052835211216479556
1 0.630725624074561 0.3395383741880343 0.025937869046152 0.029203252826698833
2 0.7175 0.38416666666666666 0.175 0.45166666666666666
0 0.7240758838228234 0.1966570975406474 0.047254615436825416 0.06472378712484404
1 0.7253295742843426 0.47065261510438916 0.05082450107971695 0.050862832503995224
1 0.41643601909553923 0.9438655594735704 0.040019386722608345 0.03599739544688797
0 0.39716211037760657 0.7142621613128783 0.04067309776036907 0.05845372229748534
2 0.4 0.8366666666666667 0.15 0.32666666666666666
1 0.0125 0.8866666666666667 0.025 0.04
1 0.1305074743645396 0.8857046163114864 0.028191746390673556 0.03600093894157302
1 0.16167207934356143 0.8754319469310158 0.03266146572680398 0.03797331765405754
0 0.9534199585081512 0.662674512887322 0.01651550937808679 0.0277148222523275
0 0.8938842308736511 0.6776048840619427 0.017746860747782308 0.04938148891899417