2 0.185 0.38916666666666666 0.1125 0.40166666666666667
0 0.18622018258465406 0.2215950550065036 0.035190481741534614 0.05526180234149308
1 0.166875 0.5758333333333333 0.03375 0.028333333333333332
1 0.34920828211220356 0.18035073660736808 0.03726191106992559 0.0627763469160205
2 0.211875 0.050833333333333335 0.07875 0.10166666666666667
1 0.205625 0.005 0.02125 0.01
2 0.64875 0.04666666666666667 0.0825 0.09333333333333334
2 0.861875 0.3175 0.27625 0.545
0 0.9176626821800579 0.11072515856604494 0.10260517117798656 0.12410419578328491
1 0.7848233782986719 0.2897312793066734 0.027253972122887687 0.03853695737671681
2 0.77375 0.8325 0.1 0.335
0 0.7776348826185813 0.7072409756896917 0.036964293283910765 0.07527149872451123
1 0.77125 0.995 0.03 0.01
2 0.705 0.7183333333333334 0.03 0.25666666666666665
2 0.83625 0.7383333333333333 0.0825 0.2966666666666667
1 0.8334106696249262 0.7735203426418649 0.024150797603820138 0.03934604975250446
2 0.91 0.6583333333333333 0.0775 0.13666666666666666
1 0.9104206052308831 0.6257542477150997 0.022101193756361395 0.03266483851131037