2 0.9525 0.195 0.095 0.39
1 0.6707439084439636 0.19229638675511013 0.025392738960884884 0.03291628878419753
1 0.7072230061711464 0.1790250054921965 0.025425467207625303 0.03541628878419753
2 0.030625 0.8533333333333334 0.06125 0.29333333333333333
2 0.043288965586067506 0.6484353271758022 0.06392422629691673 0.35442618586246905
2 0.15746759610562505 0.6767773483635054 0.06584286395923726 0.35797824085461716
2 0.230625 0.8475 0.06875 0.305
2 0.39875 0.815 0.07 0.37
2 0.445625 0.5433333333333333 0.05875 0.30666666666666664
2 0.2719344542219818 0.5874735551119991 0.0647051214269709 0.3187386669683455
2 0.329375 0.49166666666666664 0.05625 0.20333333333333334
0 0.0075 0.74 0.015 0.056666666666666664
0 0.02192528863855051 0.7502689628151108 0.022638659090609536 0.060885086019506124
0 0.042084022728171445 0.5014041244111108 0.02181728961016706 0.045812178799901154
0 0.153125 0.4091666666666667 0.02625 0.03833333333333333
0 0.1582358379879502 0.522464867257629 0.02120319902574721 0.04657260491362962
0 0.39929579513137226 0.6607528684643443 0.023725017856907442 0.04853090045871606
0 0.44624225389635214 0.4216897071700233 0.020545470779006793 0.043999697694024655
0 0.2767395042213227 0.45950475787669043 0.021926383765968466 0.05414551213323449
1 0.15287757110595457 0.7405065717125425 0.01974592012972465 0.030593457141086446
1 0.22868202889931788 0.9746928813827646 0.023012742532266373 0.04179132657244433
1 0.4015934233794308 0.9155757001074555 0.02420819545436572 0.037770474344987405
1 0.2635398821444106 0.6549320018100732 0.017860010714144607 0.029541402148938214
2 0.39875 0.45416666666666666 0.0475 0.12833333333333333
1 0.9502762230538011 0.4389944073394559 0.025985010714144465 0.0304891960038024