2 0.105 0.26 0.21 0.52
1 0.090625 0.5008333333333334 0.10875 0.03833333333333333
1 0.05264308843769335 0.04580416204225599 0.032067240496334935 0.028925931420913
1 0.08681270754586415 0.02834119279930775 0.02902964901126424 0.0304470948813641
2 0.965 0.2375 0.07 0.475
1 0.2390067777436113 0.1313809352231355 0.027735944753799587 0.029555560265544425
1 0.3734823266540349 0.11509519671462091 0.02769224049633493 0.02872222693221109
1 0.49242028407938804 0.10120364090385105 0.023985944753799514 0.029380956418085778
1 0.5246711989300941 0.08299464025129888 0.023186127723940898 0.02601852244350937
1 0.0125 0.7775 0.025 0.03166666666666667
1 0.14609144170642233 0.7662671524801544 0.030235944753799586 0.029671962830517106
2 0.84125 0.76 0.2575 0.48
1 0.9081015463672495 0.8058728779376253 0.07742115762703435 0.07343387566668866
1 0.31962292041909884 0.6712116063445768 0.032460578813517174 0.036425931420913
1 0.4388668076467048 0.6631533838671403 0.028898536238870207 0.0279470948813641