2 0.30625 0.5225 0.1075 0.295
2 0.11875 0.5408333333333334 0.1125 0.25833333333333336
2 0.03 0.505 0.06 0.33
2 0.416875 0.195 0.06625 0.3233333333333333
2 0.25571518445182806 0.3485622397092574 0.07387280073828052 0.3705972501128948
2 0.30954624614248866 0.28920316297155474 0.07901717889996376 0.3609903084575175
2 0.020625 0.0975 0.04125 0.195
0 0.008125 0.37916666666666665 0.01625 0.06166666666666667
0 0.09402269833148864 0.4576911690027115 0.02720285009228505 0.0475802593094348
0 0.10608212831303163 0.4493979653240956 0.025463834669619913 0.06323890004515799
0 0.28839865638242984 0.40649188421391247 0.025568161011443494 0.05244923986122709
0 0.2450203904983394 0.19084387396224475 0.022547487353267 0.04144121393028361
0 0.2966318149280181 0.13714343796026526 0.028148264651162835 0.05429059912550391
0 0.4145174620598009 0.07561602894435691 0.01644186551495011 0.031048155585660833
0 0.40934142566260634 0.05864365023187252 0.01511176187523077 0.029294142620189093
1 0.43165412152823973 0.26368377988658986 0.018701554595791946 0.02622284818327093
1 0.30982565083056557 0.3598181305578754 0.02144186551495025 0.031397540780881174
1 0.008125 0.13833333333333334 0.01625 0.02666666666666667
1 0.12416995064599547 0.25548625056447377 0.030287798272425306 0.046965291723114054
0 0.28454168476190506 0.05407568701803233 0.020352072794389074 0.03464352781540934
0 0.31110466378737556 0.02354097874114636 0.019847228253968296 0.03709985466600685
2 0.07591544355112667 0.34015103934799423 0.08553171252122624 0.3539707131009455
0 0.06578137507567419 0.19409934026764822 0.030063316471022644 0.055254951907044755
2 0.101875 0.0325 0.05375 0.065
2 0.16625 0.03916666666666667 0.0525 0.07833333333333334
2 0.9675 0.27416666666666667 0.065 0.4816666666666667
1 0.47657785009228504 0.04707380913488611 0.03077681369509051 0.031219304688585792
1 0.6037173837135476 0.04848313161300311 0.027691865514950252 0.03183427227490644
1 0.639166347316353 0.03434950761168343 0.02769186551495011 0.03183427227490644
1 0.015 0.7083333333333334 0.03 0.04
1 0.16072813941676015 0.706938094978813 0.030712539173126673 0.04284229820584983
1 0.28669777667774204 0.7099267378247915 0.029847228253968298 0.037798625056447384
1 0.3240217402805474 0.6959241332716795 0.026722228253968295 0.0375802593094348
0 0.6290440468807692 0.8607317232006434 0.04947741023994126 0.12222378712484404
1 0.5919129068438552 0.839865347201963 0.02571253917312674 0.04249291301062954
2 0.580625 0.8083333333333333 0.08125 0.27666666666666667