2 0.5225 0.20166666666666666 0.1425 0.4033333333333333
0 0.5263679723768999 0.01560859961886545 0.0452359447537998 0.030370378220351952
1 0.5045666581312375 0.2656456303759172 0.04580410010084052 0.04120371155368521
2 0.216875 0.395 0.43375 0.79
0 0.125625 0.034166666666666665 0.08875 0.06833333333333333
1 0.054220724777404146 0.5115238539322767 0.0825391300039341 0.08780424682205724
1 0.4087756984258911 0.21047630149735852 0.030179100100840513 0.04047619552260717
1 0.9078747501205112 0.2716614270226837 0.027023536238870206 0.02785979295763468
1 0.9444569607137525 0.2559074654972711 0.02786705752619369 0.032055560265544424
2 0.37875 0.895 0.1275 0.21
2 0.521875 0.9266666666666666 0.12375 0.14666666666666667
2 0.533125 0.895 0.12875 0.21
0 0.5159117592404843 0.8788916264606041 0.03449725544788165 0.05148413270339915
1 0.3768818190466712 0.9621984789746858 0.029060212873234834 0.042917994240120834
0 0.07340290191597175 0.9056719698955004 0.04477690445914593 0.08105820834746964