2 0.419375 0.18333333333333332 0.14375 0.36666666666666664
1 0.3816966767140542 0.2203228817455488 0.049500207117798706 0.04986225925469493
1 0.25764532888150116 0.14090658255174968 0.02987053913302134 0.03957139297466616
2 0.769375 0.4575 0.10125 0.405
2 0.57625 0.4925 0.105 0.335
2 0.895625 0.1075 0.07875 0.215
2 0.7214579324404005 0.23549434443890604 0.06823319212107946 0.3774129730585788
2 0.776875 0.17416666666666666 0.07375 0.34833333333333333
0 0.5552015518166308 0.37517011739055534 0.027051140714754354 0.0492556618542316
0 0.5680464170333754 0.3646773800180628 0.0244100098858317 0.06477326406713
0 0.753189674736888 0.2891299923493993 0.025328941505621004 0.05406622318197056
0 0.7128437739311491 0.07670655511676103 0.022472406326932343 0.04214697161895619
0 0.76625 0.019166666666666665 0.0275 0.03833333333333333
1 0.9009273834215474 0.11788898033885109 0.018289470752810642 0.027601427607767827
1 0.7760621336267003 0.2375006229433417 0.02091680474519933 0.032020679170782294
1 0.7656355229797469 0.5938142612289645 0.026771005931499017 0.04008899518756493
1 0.5894598521971917 0.16273227949157057 0.029525673916276533 0.04867491341724588
2 0.544375 0.2575 0.06875 0.3616666666666667
0 0.5320521763037486 0.11001896010197536 0.029155341901054187 0.05694510052649226
1 0.13567800477494407 0.8999728057337203 0.020942271543677008 0.03285401250411553
2 0.13875 0.83 0.07 0.34
0 0.02696410594637143 0.7069954531506462 0.026629875102576365 0.05585918229681117
0 0.143125 0.6775 0.02125 0.035
0 0.2275 0.6783333333333333 0.025 0.03666666666666667
0 0.21448744587025942 0.7298445450394029 0.027905341901054044 0.05681880807831836
0 0.196875 0.9716666666666667 0.03625 0.056666666666666664
0 0.07125 0.975 0.03 0.05
0 0.03457126247845665 0.8533463886968781 0.03143781067669835 0.07046787253208645
0 0.069375 0.6708333333333333 0.02625 0.021666666666666667