2 0.19 0.18 0.38 0.36
1 0.01 0.3025 0.02 0.085
2 0.92875 0.1875 0.1425 0.345
0 0.979375 0.055 0.04125 0.07
1 0.47292216459214204 0.21409395977633353 0.033443787031314044 0.03680313576481486
1 0.5930752195013035 0.2153180011132226 0.029132585697722035 0.027520092806370258
2 0.2872080114997517 0.743346571730408 0.17575146267882188 0.435468988955815
0 0.3113401845960213 0.5537344927030006 0.04733406157712125 0.049710452786037154
1 0.3045296021646081 0.8081727040504821 0.05253813478933637 0.05319895450840742
1 0.003125 0.7058333333333333 0.00625 0.028333333333333332
1 0.11232272531885051 0.7053574899682226 0.027308604000775887 0.028295237993814906
1 0.14704207307687298 0.6905715432608893 0.026734622303829666 0.029109175278518553
2 0.460625 0.68 0.16125 0.64
1 0.415625 0.8033333333333333 0.07125 0.08666666666666667
1 0.6400137087166222 0.44900743089929696 0.027882585697722107 0.027481300709111166
1 0.7595927819288374 0.449378742854223 0.027206567394668184 0.026628571327148146
1 0.7943121296868599 0.43459279614688967 0.025854530788560624 0.024923112563222296