2 0.13375 0.06833333333333333 0.1125 0.13666666666666666
1 0.11127530649545804 0.04458051184592383 0.031006829545304697 0.03226083164692701
2 0.924375 0.225 0.15125 0.3466666666666667
1 0.8948898107167806 0.2978899644619229 0.037376833116686325 0.04205896055446317
0 0.9389108022741353 0.08205564700551776 0.03556728961016717 0.04686952188220232
0 0.989375 0.2808333333333333 0.02125 0.051666666666666666
1 0.33375 0.32666666666666666 0.0075 0.03333333333333333
1 0.39027164026208544 0.31974544685750866 0.026620920129724616 0.030985474744985027
1 0.5259620967555663 0.3010427162306414 0.027289557792045185 0.03438195430240531
1 0.6466634626646273 0.2830221616485274 0.023441373051824 0.026503076957883707
1 0.6799848321450697 0.2646754117719193 0.024142738960884882 0.03239955651530389
2 0.78 0.79 0.1725 0.42
1 0.7627498214309252 0.8839490496050544 0.04622501785690759 0.05044300769168046
1 0.509342596105625 0.7880460423658616 0.024088191882984233 0.028232889848637227
1 0.5743098678588846 0.7839788350608193 0.02415364837646507 0.03323288984863723
1 0.7049785055212052 0.7674479408933143 0.02472410129856428 0.029129369406057513
1 0.8714139655860674 0.73648437861952 0.02593046363624353 0.025922328520898076