1 0.1401607804818329 0.4191987289519066 0.029172954342324288 0.031091138558944447
1 0.2734895493817293 0.4185301181309099 0.026702064185166706 0.031827481798149315
1 0.30972585608141856 0.4024122269722394 0.02854795434232443 0.03106689103541233
1 0.625486158479761 0.46558725025028425 0.030989734656639668 0.029497214462874125
1 0.7569690372224998 0.46401256352535775 0.030364734656639598 0.02947296693934182
1 0.4745409502084951 0.4689102637457156 0.03363528387085139 0.03376087122366907
1 0.7950803439221888 0.4479674149372836 0.027268844499482015 0.030185062655014767
1 0.15271047659386902 0.7086716958912486 0.02911473465663967 0.02942447189227778
1 0.11522416989417984 0.724741092002855 0.02848973465663967 0.029400224368745665
0 0.6545632597199096 0.8506474674399102 0.10791270752645517 0.12319175557299464
2 0.73125 0.885 0.42 0.23