2 0.4775 0.20583333333333334 0.0725 0.22833333333333333
2 0.021875 0.2125 0.04375 0.215
2 0.059375 0.205 0.04875 0.23
2 0.115625 0.21666666666666667 0.06125 0.20666666666666667
2 0.259375 0.21583333333333332 0.06875 0.20833333333333334
2 0.33375 0.205 0.0825 0.23
2 0.4025 0.22416666666666665 0.0825 0.19166666666666668
0 0.017680499713564543 0.1468332622533319 0.025472714672181596 0.054554535115636134
0 0.0617141285168735 0.11501203203902852 0.02287089920432706 0.042849081604072504
0 0.11769504478040091 0.1467180693825432 0.02224589920432706 0.04283938489284831
0 0.1678687098345106 0.27084653303626394 0.026097714672181523 0.054564231826860425
0 0.24778958771483717 0.1379016519838512 0.0198186245385088 0.05113393138128468
0 0.19358141810949206 0.18956773481856676 0.02288544427116335 0.04451574827073917
0 0.20220822291534632 0.13219379206448187 0.021177712539781623 0.06365332480373316
0 0.4792141285168735 0.12148943513681898 0.019062718936981752 0.036124234670060436
0 0.335987313049019 0.1309355549331353 0.020988626670908842 0.04198665813706649
0 0.4026295919796372 0.15863976970079535 0.023561352005090727 0.050358778315296795
1 0.83625 0.30666666666666664 0.025 0.02666666666666667
1 0.901875 0.30916666666666665 0.02625 0.021666666666666667
1 0.510352413271821 0.9119542934436312 0.047289534404836214 0.04822725334181768
0 0.536008254901347 0.622313071758928 0.05366316747294519 0.06249088712072686
2 0.521875 0.7925 0.16875 0.415
1 0.11185011728200238 0.8057580949713438 0.025952264003818046 0.03789756516019376
1 0.17876147994909325 0.8026289764056703 0.03470226400381805 0.03803331911733305
1 0.3207019327498568 0.7973301298535722 0.029040901336727102 0.033779382049648345
1 0.4426787482177113 0.7875543218756318 0.027754538669636303 0.029593321960533103
2 0.809375 0.8016666666666666 0.13875 0.39666666666666667
0 0.8280046985996395 0.6687852203691589 0.03741316747294519 0.062238772628896676
0 0.8032010570019302 0.6458973519201895 0.04056725760661792 0.06562058951835108