2 0.240625 0.17666666666666667 0.07875 0.35333333333333333
2 0.061875 0.17083333333333334 0.09125 0.3416666666666667
2 0.4325 0.058333333333333334 0.1775 0.11666666666666667
1 0.06513892491989118 0.2907716500742815 0.026703252826698786 0.04372120178230281
1 0.24471311171321644 0.27714566390836787 0.023348968792335542 0.0378393848928484
0 0.055 0.014166666666666666 0.0225 0.028333333333333332
0 0.229375 0.016666666666666666 0.02625 0.03333333333333333
2 0.045 0.028333333333333332 0.0675 0.056666666666666664
2 0.79875 0.20416666666666666 0.1275 0.4083333333333333
2 0.9775 0.20416666666666666 0.045 0.4083333333333333
1 0.7959427141549906 0.29462977347762587 0.02953080144721781 0.0520933219605331
0 0.9875 0.028333333333333332 0.025 0.056666666666666664
0 0.8775 0.3675 0.045 0.08166666666666667
2 0.50375 0.8408333333333333 0.185 0.31833333333333336
0 0.4970511316140856 0.7176966249522961 0.05640314382620403 0.06833391716528449
1 0.51625 0.98 0.05 0.04
1 0.11738220126550374 0.9070322225334324 0.02871192989592032 0.03125998862719977
1 0.2815633297142062 0.8836389574369005 0.02670591044771271 0.02789756516019376
1 0.24596842695524423 0.9008680333545728 0.026771420171816517 0.029564231826860427