0 0.022248759089291407 0.2503488792912519 0.027649568506189652 0.061462971005291064
2 0.033125 0.3258333333333333 0.06625 0.24833333333333332
0 0.3375074217512824 0.34471029981050977 0.022507746103648002 0.05020241826012068
2 0.335 0.3825 0.0625 0.135
0 0.19666739675161196 0.2685814896124042 0.024284561363426604 0.04286262553955964
1 0.1287651678549303 0.37515382027316435 0.019142738960884885 0.031602072794389265
1 0.36352832402409957 0.3294532017226545 0.018539557792045115 0.03321533703457618
0 0.12575416915481277 0.14515382027316434 0.02245319902574721 0.046035751593454015
2 0.19125 0.3375 0.075 0.225
2 0.12438558506321468 0.2790534748074328 0.06227057792045166 0.32163309232927306
1 0.249312382466086 0.23645402919650674 0.017235010714144607 0.028941865514950205
1 0.06951966136210856 0.23690746370370439 0.01659910129856435 0.028055129755137312
0 0.06211958993447866 0.05314691095853391 0.018605014285525953 0.03821533703457618
0 0.0650278211026593 0.17992038247815983 0.05074784253094826 0.2998385153193062
0 0.3578614301939278 0.1350195229235897 0.021159561363426747 0.04259561340716137
2 0.35960693668674965 0.268352856256923 0.05848784967371131 0.3188126777703952
1 0.985 0.17166666666666666 0.03 0.056666666666666664
2 0.9675 0.19416666666666665 0.065 0.3883333333333333
2 0.119375 0.9058333333333334 0.09375 0.18833333333333332
2 0.195984686361779 0.7778287460366696 0.06509786038785563 0.34684670203519147
2 0.05857828831028464 0.6778536837307751 0.05901466493349005 0.31136608019687484
2 0.2006559844145916 0.6100828393946123 0.10874192954398666 0.2948049409819125
2 0.085 0.5466666666666666 0.0425 0.19333333333333333
0 0.05820278538884437 0.5537938219170678 0.019996836688067673 0.04915547522086878
0 0.11222552077834777 0.5792197639276501 0.01665364837646507 0.03222179642180388
0 0.19527099155735456 0.6279355508896289 0.019942289610167165 0.044988808554202155
0 0.10764291752995973 0.8968054632902684 0.0365304814931514 0.07221060497600604
0 0.11954289967305222 0.8520401784865279 0.030225934415250608 0.06750991404454301
2 0.1158132990244291 0.7102133045404222 0.05029739318023047 0.31311844622615986
1 0.09019778896022586 0.5656840123341961 0.015338191882984234 0.027114991568844667
1 0.05972377694619894 0.7653536837307752 0.018506829545304696 0.03071533703457618
1 0.1791065230498468 0.8238334780952397 0.018528648376465073 0.03238200370124294
1 0.1030560558422215 0.7848717844912035 0.019131829545304697 0.030768739461055836
1 0.2460705422066367 0.6455944807678129 0.015963191882984232 0.027168393995324322
2 0.541875 0.6141666666666666 0.02375 0.305