1 0.4385057344178868 0.35265187580164714 0.029756829545304696 0.031676580711209684
2 0.95125 0.25083333333333335 0.0975 0.4583333333333333
0 0.98125 0.055 0.0375 0.06333333333333334
1 0.975 0.31833333333333336 0.05 0.05
1 0.5558980597418689 0.23761574666174365 0.0253818295453047 0.031302763725852195
1 0.6276966938328079 0.23730780094991863 0.02421910486994591 0.037862625539559644
1 0.7651530561704873 0.2288926004577316 0.027947286038785536 0.036516373431770714
1 0.8835103172096025 0.24874613942660037 0.02665364837646507 0.03307623524547817
2 0.225625 0.755 0.45125 0.49
0 0.38625 0.9583333333333334 0.1 0.08333333333333333
2 0.8991993542232999 0.7652362977630106 0.09134469707592359 0.3965362015208567
2 0.63125 0.6925 0.0825 0.365
2 0.7444034698073903 0.7152001686231071 0.07311060292012214 0.3866541978196138
2 0.83125 0.5991666666666666 0.06 0.17833333333333334
0 0.631875 0.5308333333333334 0.02375 0.041666666666666664
1 0.6314998214309252 0.7556459387227754 0.018528648376465073 0.03238200370124294
0 0.7434494435078374 0.5496338474221719 0.02557819902574721 0.046302763725852195
1 0.7446061659116973 0.7950933637701479 0.019197286038785535 0.03576873946105593
0 0.9013375996770066 0.6019029644296773 0.02438274610364786 0.05036262553955964
1 0.8289576032483881 0.5989309792346487 0.016697286038785536 0.03555512975513731
1 0.8916947714315842 0.8616036553611404 0.022355014285525953 0.03853575159345382
2 0.739375 0.5383333333333333 0.05625 0.056666666666666664
2 0.7875 0.655 0.0625 0.29