2 0.840625 0.215 0.28125 0.43
2 0.3578840019526204 0.7310584969735314 0.08637459361274737 0.40847035670924925
0 0.3503332026389643 0.5569791056315059 0.0342888811295407 0.05410426536766295
1 0.36053429643659896 0.7951960718653178 0.029677467775102714 0.04316911082224844
2 0.45879035354943354 0.6269917588792349 0.09077446740532792 0.38108672380877057
0 0.4546009675902154 0.46367297143334174 0.0336638811295407 0.05408971948022279
1 0.46560222966440923 0.7385566043338203 0.027104725204506366 0.039777593939154296
2 0.525625 0.5775 0.07875 0.295
1 0.5364788981258558 0.6051735229492122 0.02339109648980454 0.04135698528117984
2 0.31834720997592425 0.638597916886609 0.06360849712294282 0.3671279173155095
0 0.3161964948005477 0.48273549177839536 0.03298432420159344 0.05157517359278264
1 0.3215909425173907 0.7585833709991688 0.0290706534177518 0.04398789826814152
2 0.2625 0.5925 0.08 0.325
0 0.255 0.44083333333333335 0.03 0.021666666666666667
1 0.2554834971229428 0.6233858389639605 0.0253206534177518 0.0439006229435004
2 0.21002697724957045 0.6894767805219741 0.06327446740532792 0.3804467047614026
0 0.21528533386094856 0.5292731380978116 0.025593438057487816 0.05640062294350041
1 0.20870235587182862 0.772049509959175 0.0290706534177518 0.04398789826814152
2 0.16 0.58 0.0675 0.3
2 0.10375 0.61 0.0625 0.36
1 0.15737668276559189 0.6265028766254023 0.022747910847155453 0.04050910606040626
0 0.1075 0.4558333333333333 0.025 0.051666666666666666
1 0.10823140797009828 0.6668332142872835 0.025854725204506365 0.03974850216427399
2 0.06827927674811397 0.6986120303042286 0.08310410847155478 0.40173096060538155
0 0.06635347743445782 0.5244017259752414 0.03050250984424249 0.052350323376355166
1 0.06217957123209254 0.7629532476201775 0.02837291084715549 0.040640019047367935
2 0.029375 0.5491666666666667 0.05875 0.23833333333333334
1 0.03064904671393 0.5502453874467719 0.021443353919208263 0.037980014285525956
2 0.09625 0.4625 0.0625 0.065
2 0.466875 0.4875 0.06375 0.115
1 0.4742487522299514 0.4757220489226961 0.021497910847155452 0.040480014285526
2 0.87375 0.7191666666666666 0.2525 0.5616666666666666
1 0.73594106872481 0.7327706939422298 0.02751149749271761 0.029792139826594545