0 0.65875 0.1675 0.0225 0.06166666666666667
2 0.635625 0.26 0.06875 0.26
1 0.4147030980997349 0.3410210716156665 0.024157588382282283 0.030214289751419113
1 0.608263659427474 0.32866653949696506 0.02487730771841285 0.03191005705932885
2 0.914375 0.31166666666666665 0.08375 0.15666666666666668
2 0.699375 0.2708333333333333 0.05875 0.23833333333333334
0 0.68 0.1725 0.02 0.035
0 0.7492250728652599 0.0542380023840274 0.02285090439906483 0.04012698782768972
0 0.76 0.36666666666666664 0.0325 0.04666666666666667
0 0.8510851146964744 0.34694698184162936 0.026742983403260468 0.04280159167514853
0 0.7857513827431063 0.17870360557893397 0.022320623735195257 0.041764553853113284
0 0.7572389191757364 0.23935440494899987 0.023182422075521316 0.04596032116102303
0 0.9063491478899534 0.2608199869489562 0.03115601875617358 0.05464286218927384
0 0.8344999065584987 0.06614274914953912 0.018617983403260468 0.04242328333898785
0 0.8009020479701505 0.11449725300830693 0.02285090439906483 0.04012698782768969
1 0.69625 0.36916666666666664 0.025 0.041666666666666664
1 0.846254428553823 0.26194698184162934 0.01834314971002158 0.026619050646897714
0 0.728125 0.009166666666666667 0.02125 0.018333333333333333
0 0.8689043556885633 0.1422459183698692 0.02655354473099976 0.03946825834181515
2 0.3575 0.74 0.535 0.52
0 0.3635441269743461 0.5484787658897148 0.11500147618460772 0.11506351157630339
1 0.04305483403260478 0.7973518416468758 0.025843149710021506 0.026968258341815196
1 0.10546011469647437 0.7927751108558968 0.027187869046151933 0.028693126290968016