2 0.46 0.043333333333333335 0.0925 0.08666666666666667
2 0.01125 0.17583333333333334 0.0225 0.3516666666666667
0 0.2043739910228986 0.3539979122277533 0.0417150104578036 0.07824813091097174
0 0.38106961475809387 0.2941857701584011 0.04386484415104263 0.09421751305244849
1 0.11173191201870299 0.3665655240303727 0.04019017676456464 0.062346773173566704
2 0.60375 0.13 0.0275 0.26
2 0.64625 0.05333333333333334 0.08 0.10666666666666667
1 0.644375 0.0125 0.02125 0.025
2 0.06 0.7391666666666666 0.12 0.5216666666666666
2 0.8775 0.9058333333333334 0.1125 0.18833333333333332
2 0.8285065588289394 0.7000182782888296 0.08066820199903972 0.4029929362453396
2 0.955 0.8241666666666667 0.09 0.3516666666666667
2 0.88875 0.5825 0.0675 0.365
2 0.9322293239757865 0.6017704224454927 0.0779974119570835 0.3778568874371962
2 0.7475 0.5 0.07 0.2
1 0.945625 0.9891666666666666 0.02875 0.021666666666666667
1 0.9186299892028305 0.6661921462439742 0.020597027054543134 0.034540732122152536
1 0.8772099372531781 0.6408858301249251 0.023333825394869195 0.03897949640510622
1 0.8286665483711357 0.773708774126994 0.02616534307132568 0.04508492735472657
1 0.7405072034797421 0.5215994674654998 0.018722027054543205 0.03433665890993732
0 0.691757941572046 0.4722454930034552 0.026449501079716952 0.050084927354726576
0 0.681875 0.4116666666666667 0.02375 0.023333333333333334
0 0.9 0.42333333333333334 0.03 0.04666666666666667
0 0.9344473802443067 0.442518690890282 0.029195623735195256 0.043758382708418676
0 0.8813832218965496 0.8516171956190596 0.04162961543682556 0.06581615531504365
0 0.9653341991608743 0.6859542671304492 0.0332678170964995 0.060765171395444025
0 0.8456112471310248 0.5192700098440404 0.024441746390673556 0.03661554521324973
0 0.9788123178368505 0.4815835272515672 0.023854781743586528 0.04814616307177289
1 0.609375 0.8208333333333333 0.03875 0.06166666666666667
2 0.80375 0.5825 0.07 0.365
1 0.7927308936018954 0.6409704824120166 0.022083825394869194 0.03884344759696281
0 0.81375 0.425 0.025 0.05