2 0.340625 0.11333333333333333 0.07375 0.22666666666666666
2 0.42875 0.07416666666666667 0.0625 0.14833333333333334
2 0.109375 0.0625 0.07125 0.125
2 0.145625 0.14416666666666667 0.06875 0.17166666666666666
2 0.195625 0.1725 0.09125 0.115
2 0.293125 0.06333333333333334 0.06375 0.12666666666666668
0 0.15763857234141676 0.08396383125880874 0.02730476727364618 0.05119035830434693
1 0.091875 0.016666666666666666 0.01875 0.03333333333333333
1 0.289375 0.0175 0.02625 0.035
1 0.33753614663545384 0.09763811181540566 0.0221956534177518 0.04564616307177289
1 0.4302046267620815 0.022706548820929838 0.02276609648980454 0.04321418747584469
0 0.19589275064710576 0.15961026939821654 0.04095715091046927 0.07678553745652039
2 0.41625 0.47333333333333333 0.0875 0.4866666666666667
1 0.4327658718399603 0.541328882721205 0.04658883906040075 0.0491324481639045
1 0.22828468851970626 0.4255796515396934 0.02431375492212126 0.02841826068805991
1 0.2937823890211628 0.42427042244549273 0.025600126207419294 0.030220976162870082
2 0.5153252381106934 0.5318384468495645 0.07382672483473172 0.3829758957608673
2 0.6094905773559817 0.6454613308851096 0.10747242032162319 0.43901316477259833
2 0.7266001119032741 0.5362781738692405 0.0889358386906261 0.3896084814585894
2 0.8021074310903026 0.4191526519261788 0.062158455053802866 0.36258478982090914
2 0.92625 0.3641666666666667 0.0775 0.2683333333333333
2 0.468125 0.5066666666666667 0.01625 0.3433333333333333
0 0.6078118618108304 0.465240217188422 0.030793480126627627 0.06819714699137232
0 0.7351099409345452 0.37490064530333317 0.026054767273646178 0.05105430949620342
0 0.7233076835051413 0.3728597756473631 0.022359324201593436 0.05314616307177289
0 0.803833188334819 0.25435672513839414 0.020302467775102855 0.04460875652622429
1 0.9434234855109673 0.3721804943433679 0.019277383636822947 0.026207398788819204
1 0.7906774534709574 0.5143396846539219 0.022675168276559247 0.039047520809178025
1 0.7234769907104196 0.6222475560107174 0.023263796991261073 0.03744887854658316
1 0.5672288695175651 0.7248829171497734 0.023888796991261074 0.037516902950654865
1 0.5079362307737334 0.6132839998195436 0.021388796991261075 0.03724480533436785
0 0.4625 0.3566666666666667 0.005 0.05333333333333334
0 0.486235571971642 0.2648144801442493 0.020175168276559248 0.038775423192891005
0 0.5905990744789245 0.28255304692686156 0.02166158163099709 0.04974480533436785
0 0.6059397923464708 0.32245107908766274 0.025800168276559246 0.03938764282953675
0 0.6133986117183867 0.3806654040973248 0.025538881129540697 0.05598628509213161
0 0.6422194754818374 0.2885736880555728 0.022122910847155595 0.042312829738439556
0 0.6684627873319059 0.25745135415529763 0.02412521034569892 0.04835023628398815
0 0.7104717749803809 0.27532569467841855 0.02475021034569892 0.048418260688059905