1 0.26520283606171724 0.3840626478694136 0.023039867349399685 0.028876784509709808
1 0.3294686297477111 0.39306670895036905 0.026862671558737075 0.030922328520898077
1 0.46130722764304233 0.407223895566048 0.02620126945406838 0.030025848963477795
1 0.56875 0.44416666666666665 0.02 0.03166666666666667
2 0.8829693960165415 0.24204787343706197 0.0885718208208084 0.33251440066634663
1 0.9020050318523798 0.3092579912801051 0.01954468208208084 0.034331240498521536
1 0.5296814613742119 0.5534858359247152 0.03954468208208084 0.036351919669303734
2 0.513125 0.6041666666666666 0.13125 0.18833333333333332
2 0.9175 0.845 0.165 0.31
0 0.9150264065398852 0.73334809517941 0.056807776792174136 0.07543057527147728
1 0.6015385519314375 0.8824695916008933 0.029471877872743378 0.033674913417246065