2 0.020625 0.2 0.04125 0.4
2 0.124375 0.050833333333333335 0.06125 0.10166666666666667
2 0.199375 0.165 0.06375 0.33
2 0.355 0.12666666666666668 0.065 0.25333333333333335
0 0.005 0.018333333333333333 0.01 0.03666666666666667
1 0.121875 0.004166666666666667 0.01875 0.008333333333333333
1 0.19931205811372052 0.21047207658573314 0.021740923701106 0.03898488707968606
1 0.36021612012708837 0.1476167556143228 0.022925467207625304 0.03407223337849132
0 0.19424802110002304 0.3483250052756385 0.039106847402212284 0.07766406211355464
2 0.1925 0.35333333333333333 0.1075 0.09333333333333334
2 0.49 0.014166666666666666 0.035 0.028333333333333332
2 0.7991983811662036 0.690703375243162 0.16263517142631173 0.450961960500036
0 0.7973469438295127 0.5015803817258978 0.05082911558409023 0.06682718528553608
1 0.8087447685035534 0.7521481326681309 0.047409561363426604 0.04410881953852348
1 0.43875 0.6475 0.0175 0.03166666666666667
1 0.5905933668806775 0.6394935498254514 0.024713191882984233 0.027536586160032166
1 0.5564365551922802 0.6537581932749787 0.024735010714144606 0.029203252826698833