1 0.27579947218567313 0.48067497227009637 0.0600247819990102 0.05149121634457515
0 0.2617289656269524 0.14050235778079145 0.05074538896415206 0.0692812579770496
2 0.253125 0.33666666666666667 0.22875 0.4866666666666667
1 0.07189453414834056 0.3528834755901609 0.02894121393028364 0.038160718844028454
1 0.10567463138937856 0.33441715516439957 0.02946794934412793 0.03569467457533203
2 0.57 0.2 0.0175 0.11333333333333333
2 0.23 0.8483333333333334 0.1 0.30333333333333334
2 0.365625 0.8783333333333333 0.10625 0.24333333333333335
1 0.07348889190482813 0.7631932937900063 0.044399781999010235 0.050642323061983255
0 0.156875 0.9725 0.03375 0.055
0 0.23401031207664466 0.7253679156409024 0.028215291723114006 0.051426140714754445
0 0.293125 0.9775 0.03875 0.045
0 0.386853806423247 0.8035456494816503 0.03189712437799642 0.06576258603793936
0 0.3666873744919736 0.7929995219480049 0.029102330619529226 0.05812676311272469
1 0.208125 0.9875 0.02375 0.025
2 0.8625 0.79 0.275 0.42
1 0.8274673125293062 0.8555703435055338 0.07610569244672291 0.0798061538958632
2 0.691875 0.7025 0.13875 0.245
1 0.6892449113530358 0.675148695565957 0.048018762550802875 0.047512724116472026
1 0.6025 0.5958333333333333 0.03 0.03166666666666667