2 0.3163180800445434 0.2947373121093228 0.11164446830043488 0.3426541096577953
0 0.3125308416295259 0.146984727212975 0.034069991470399824 0.040076562767361754
1 0.2879680693825432 0.33766591913465666 0.03592317387014532 0.0377660014396226
2 0.689188103500944 0.3102166329385405 0.07067809710374377 0.37098645886805687
2 0.57875 0.30916666666666665 0.02 0.40166666666666667
2 0.6170880928389437 0.3487250042777881 0.07895582030552546 0.3893073597811872
0 0.63875 0.020833333333333332 0.02 0.041666666666666664
0 0.6878426848185809 0.15604996627187384 0.019055446403563395 0.03689438672260839
0 0.6137876762889808 0.18520223227219396 0.022929079471672508 0.051439930733796754
1 0.6146539835136706 0.42757593982402 0.019644083736472594 0.03279086628002877
1 0.6846899083067981 0.3672114631458449 0.017136811203054377 0.03170494805034764
2 0.09375 0.6441666666666667 0.06 0.08833333333333333
1 0.09875 0.6033333333333334 0.0175 0.006666666666666667
2 0.7125 0.8583333333333333 0.0875 0.2833333333333333
2 0.65875 0.6541666666666667 0.065 0.10833333333333334
2 0.7275 0.6641666666666667 0.055 0.12833333333333333
1 0.64625 0.6175 0.02 0.035
1 0.7166744341820341 0.6397513515959393 0.02093771893698168 0.03791715872820267
1 0.7706366512730511 0.8841591548618226 0.022878171737745277 0.045606597400463515
1 0.946875 0.6075 0.01875 0.015
0 0.7189280437937426 0.7548776440441132 0.034411800541054166 0.07924322943402842
2 0.896875 0.6375 0.05625 0.075
2 0.959375 0.6533333333333333 0.05875 0.10666666666666667
2 0.5875 0.6533333333333333 0.0375 0.10666666666666667
0 0.892257112603415 0.8673060018921103 0.033089075206872424 0.07078360365252119
0 0.7605716363462508 0.9472523357190111 0.035029528007636014 0.07847304232478204
0 0.861710796849125 0.6585679422507775 0.02734044213876338 0.056048620969071976
0 0.9853230565881429 0.7268410817292391 0.02434634774029064 0.07073288984863742
2 0.900625 0.9166666666666666 0.09125 0.16666666666666666
2 0.779375 0.77 0.08125 0.34
2 0.8725 0.8058333333333333 0.0975 0.3883333333333333