2 0.106875 0.21 0.21375 0.42
1 0.08375 0.38416666666666666 0.1025 0.07166666666666667
1 0.28625 0.013333333333333334 0.03 0.02666666666666667
1 0.411875 0.0125 0.02875 0.025
1 0.44625 0.004166666666666667 0.0275 0.008333333333333333
2 0.939375 0.3475 0.12125 0.145
0 0.9733332380021106 0.3055482703161169 0.05026518571162967 0.052393920008484446
2 0.109375 0.71 0.21875 0.58
1 0.2003022997551477 0.4925349284531834 0.035530938246962906 0.03718059236155123
1 0.3275288976816293 0.4903463908762611 0.03275753617344435 0.03297513884998769
1 0.3618415677287405 0.47089910341604263 0.03191381451462973 0.02963210880543007
2 0.900625 0.71 0.19875 0.58
0 0.91 0.4608333333333333 0.1075 0.08166666666666667
1 0.959375 0.9791666666666666 0.08125 0.041666666666666664
2 0.8331057331577031 0.6183802938255453 0.09843494929333303 0.30122178561425395
0 0.8398489905374441 0.4927796815615936 0.03710902073518525 0.042199985783999715