2 0.286875 0.19833333333333333 0.15625 0.30333333333333334
0 0.29129776978689187 0.07855907207397526 0.042161820895425424 0.05748403992254661
1 0.2652371895060469 0.3241047534633266 0.047197233378491174 0.04283335803665485
1 0.09044434916241385 0.27648384229597556 0.025586929895920322 0.03234704516113519
1 0.1285720067834277 0.2582440952876753 0.02358091044771271 0.028897272456432574
1 0.6154443491624139 0.25061641466804796 0.03338172365438744 0.04031280264661253
1 0.7595573102659986 0.2349839164059397 0.035256723654387444 0.04042924201798201
1 0.8888340456798428 0.22444959978145307 0.031146420171816517 0.031029696608576577
2 0.641875 0.8308333333333333 0.11875 0.3383333333333333
0 0.6292545436444898 0.6961460124633391 0.03525406603337359 0.05622376222752564
1 0.7869918005418949 0.6445819992302758 0.03742385979184064 0.06384020159889493
2 0.635625 0.46416666666666667 0.08125 0.22833333333333333
1 0.6341607308904768 0.4702921237399637 0.02134294934412793 0.03540868662793997