1 0.018125 0.12833333333333333 0.03625 0.06666666666666667
2 0.686875 0.9 0.08625 0.2
2 0.60625 0.9241666666666667 0.1175 0.15166666666666667
2 0.468125 0.8175 0.07625 0.365
2 0.31065931975600025 0.725 0.06785435455838908 0.37833333333333335
2 0.19 0.925 0.095 0.15
2 0.0675 0.8225 0.0725 0.355
2 0.24583336162536135 0.6991666666666667 0.06430696793238909 0.31833333333333336
2 0.129375 0.8516666666666667 0.07125 0.2966666666666667
0 0.028942246883972372 0.5908333333333333 0.023852351823611145 0.041666666666666664
0 0.17971689779513922 0.8858333333333334 0.03923057477188891 0.06333333333333334
0 0.38426698480111143 0.9316666666666666 0.03171602773541679 0.0625
0 0.23831672431566672 0.555 0.030611498100138874 0.07083333333333333
0 0.1448436405769446 0.6066666666666667 0.021497822188333373 0.05
0 0.2063123686923335 0.655 0.02399782218833337 0.05
0 0.3990175949078613 0.7741666666666667 0.028968728115388843 0.04833333333333333
0 0.5490898075219169 0.7425 0.026468728115389126 0.04833333333333333
0 0.5929146329775002 0.89 0.03619285699072236 0.06833333333333333
0 0.49613623654975014 0.5375 0.019448257750666754 0.04
0 0.21625 0.4666666666666667 0.0175 0.013333333333333334
0 0.09975583578980568 0.5658333333333333 0.02520418107891672 0.0475
0 0.1393625432367501 0.5075 0.019433710714194488 0.03916666666666667
0 0.015597996200277874 0.5066666666666667 0.026337804787138916 0.04083333333333333
0 0.005 0.7658333333333334 0.01 0.055
0 0.565062891260639 0.6908333333333333 0.026454181078916575 0.0475
1 0.30723039969500027 0.815 0.019331881458888915 0.03333333333333333
1 0.21452883145761148 0.9466666666666667 0.02500052256830557 0.035833333333333335
1 0.4724496503786948 0.8991666666666667 0.02562552256830557 0.035833333333333335
1 0.06739198480111146 0.9316666666666666 0.02625052256830557 0.035833333333333335
1 0.2414017411843892 0.8033333333333333 0.019898693313000138 0.03
0 0.12650252530308356 0.7375 0.026686933662472257 0.060833333333333336
0 0.35969869278052796 0.6341666666666667 0.021294163677722223 0.03833333333333333
1 0.17093205547083343 0.49 0.015465505167111076 0.02666666666666667
1 0.11745897173211123 0.5416666666666666 0.014113675911805573 0.020833333333333332
1 0.06966907613927795 0.5966666666666667 0.01604686405769442 0.024166666666666666
2 0.816875 0.5991666666666666 0.07625 0.2783333333333333
2 0.88625 0.6325 0.07 0.345
2 0.934375 0.5875 0.05375 0.255
2 0.98 0.6091666666666666 0.04 0.29833333333333334
1 0.8055439886008335 0.6383333333333333 0.021163240349472225 0.030833333333333334
1 0.8881323159562782 0.715 0.023140069604777835 0.03666666666666667
1 0.9822298771266946 0.6275 0.02122142849536118 0.034166666666666665
1 0.926692159345528 0.6325 0.019288240349472262 0.030833333333333334