2 0.3234918715449516 0.23764443117433187 0.14355640365871367 0.3953219021633951
0 0.30926606058738804 0.06441291905307982 0.03986798340326047 0.04253941991307755
1 0.31671232897338586 0.2945438320400414 0.04400618506293455 0.03847457445849216
1 0.014874626233994945 0.25817797879055493 0.026610228714217213 0.028915168830940655
1 0.049599792540756055 0.24151552987313132 0.025937869046152 0.028067289610167072
0 0.97375 0.11583333333333333 0.0525 0.10166666666666667
2 0.935 0.36916666666666664 0.13 0.6216666666666667
1 0.5885291688055607 0.3175815974055075 0.032036465726803985 0.03653153593046208
1 0.6238319754442565 0.30007126926731037 0.033864106058738914 0.03574184025944911
2 0.1590672975999749 0.850206400003515 0.08455880481862778 0.29075216839764645
2 0.3725 0.8275 0.135 0.295
1 0.16752529146103912 0.9659960956745277 0.021704948050347637 0.030465468398085706
1 0.4249578069780617 0.8707201562829849 0.01814438672260849 0.03371152640677811
0 0.15359222473471512 0.7318439748953013 0.02197978174358653 0.04628425584397898
0 0.36125 0.6875 0.025 0.015
2 0.603125 0.8758333333333334 0.08625 0.24833333333333332
0 0.57625 0.7775 0.0325 0.04833333333333333