0 0.223125 0.16855418121699492 0.05 0.056827185285536076
2 0.22375 0.23583333333333334 0.1575 0.20833333333333334
2 0.575 0.1075 0.0875 0.215
1 0.555625 0.1006692712197787 0.025625 0.043457265792170574
2 0.675 0.17 0.095 0.34
1 0.66125 0.2591218423040838 0.03 0.05292964450465509
2 0.716875 0.1975 0.10125 0.285
0 0.706875 0.0901003690643654 0.03625 0.0591997093320136
2 0.875 0.1225 0.0875 0.245
1 0.869375 0.10207868355303987 0.026875 0.04354461209097565
1 0.53625 0.6408333333333334 0.0325 0.051666666666666666
2 0.7575 0.5686828083836977 0.08125 0.42484417608899605
1 0.758125 0.6986391352342952 0.024375 0.0433699194933655
2 0.784375 0.485 0.06625 0.29
2 0.636875 0.38 0.05625 0.08
1 0.635 0.3441666666666667 0.02 0.008333333333333333