2 0.169375 0.1225 0.12625 0.245
1 0.15163073441788683 0.10211266261703623 0.042980014285525954 0.03798559797348152
2 0.269375 0.04666666666666667 0.08875 0.09333333333333334
1 0.2885898464305957 0.04371765734911013 0.024088191882984233 0.026570383181259274
1 0.3225 0.009166666666666667 0.0275 0.018333333333333333
1 0.8961274818214171 0.4209724762943326 0.04749683668806767 0.04895470364722238
0 0.9230489584433045 0.13025482249503634 0.05393229675293014 0.06331533080018517
2 0.908125 0.31666666666666665 0.17125 0.44666666666666666
1 0.49806161169103347 0.33336655136866644 0.02611592370110614 0.03829523799381491
1 0.5656161587689342 0.3271051114499996 0.03486592370110614 0.03856678267462977
1 0.7069643435091554 0.31522160445970326 0.02918637662320549 0.034225551570296296
1 0.8289920753272773 0.2997727083102586 0.027881829545304698 0.030020092806370257
2 0.07875 0.77 0.1575 0.46
2 0.949375 0.7566666666666667 0.10125 0.43333333333333335
1 0.48016570941821635 0.6150339147930739 0.03298001428552595 0.03767526119540738
1 0.6051984376649567 0.6086547050671478 0.029110010714144464 0.028392218236962967