2 0.085625 0.23 0.17125 0.46
1 0.03 0.35083333333333333 0.06 0.06166666666666667
1 0.2204768089730112 0.1183329627835126 0.02379786877801564 0.03226941891355561
1 0.34155645003923807 0.13167536322541637 0.02311831185006838 0.029730605789765812
2 0.433125 0.16666666666666666 0.09375 0.3333333333333333
1 0.466875 0.2 0.02625 0.04666666666666667
1 0.5570819548689157 0.2731482113063479 0.04535702470304983 0.04775573178907507
2 0.56625 0.20416666666666666 0.1575 0.4083333333333333
1 0.09651632113964886 0.8270453602461735 0.04146153956185728 0.04085618637966983
0 0.06981062834492711 0.5783650064550263 0.040447952916295264 0.05161189346542348
2 0.08575921229831934 0.7642942237696869 0.13817016289221953 0.4396621701673636
2 0.974375 0.8541666666666666 0.05125 0.2916666666666667
2 0.8752997618893065 0.6984403350463116 0.07138796991261045 0.3539589386265586
2 0.729375 0.6241666666666666 0.06375 0.3283333333333333
2 0.62 0.8666666666666667 0.09 0.26666666666666666
2 0.51 0.7408333333333333 0.06 0.375
2 0.67 0.6008333333333333 0.06 0.2816666666666667
2 0.564375 0.8016666666666666 0.06625 0.39666666666666667
0 0.6096250143041453 0.7700135389045522 0.03627299498543508 0.06050686826556178
0 0.7684191254678701 0.9629266973284738 0.040938965267820177 0.07411189346542339
0 0.798677482079248 0.8008307886438252 0.029379809342786133 0.05924659057054062
0 0.6625 0.4775 0.0275 0.035
0 0.577148836368231 0.5150158365608465 0.019750210345698987 0.04699772704702705
0 0.6331126754286318 0.5557669483340116 0.02225021034569906 0.047152979542186224
0 0.8111381802583094 0.6548604605490804 0.02660702470304983 0.04659133807538145
0 0.9492516827655919 0.6170772804010802 0.02410702470304983 0.046436085580222275
0 0.98625 0.7491666666666666 0.0275 0.065
0 0.534375 0.48083333333333333 0.02375 0.041666666666666664
0 0.9638401011345948 0.5686069523063355 0.02407065341775194 0.044769418913555604
1 0.7269565341775177 0.697639045384492 0.01754786877801564 0.03188128767565767
1 0.6420934523616332 0.823906216048396 0.0226024257059629 0.034691792665976016
1 0.5682439571913107 0.9386414171507503 0.02504786877801564 0.03234704516113519
1 0.8792727989438813 0.7657850825511524 0.0238524257059629 0.03476941891355561
1 0.506784296436599 0.818123184120324 0.0244774257059629 0.03480823203734531
1 0.6660951208230798 0.6905705850587683 0.018100126207419437 0.02858676746611413
0 0.5603925689096975 0.63621904339833 0.024986623700136903 0.05814156537067864
0 0.7745694056477032 0.5277897025670624 0.020138796991261074 0.03620320683748351
1 0.55125 0.4625 0.0125 0.005
1 0.5075737942990912 0.5101574266348465 0.014866012351524915 0.023392701847165163
2 0.75625 0.9525 0.12 0.095