2 0.1175 0.29083333333333333 0.08 0.3383333333333333
2 0.256875 0.0775 0.07125 0.155
0 0.005625 0.38416666666666666 0.01125 0.07833333333333334
0 0.11830940835938869 0.14698754112999193 0.02395418107891672 0.04803819783528676
1 0.1326521788766108 0.36323237706089323 0.021890069604777695 0.03716122683963287
2 0.11625 0.04833333333333333 0.06 0.09666666666666666
2 0.543125 0.23 0.28625 0.46
2 0.250625 0.5333333333333333 0.05625 0.14666666666666667
0 0.27147439149066627 0.8480348450256849 0.041323780318972186 0.07676427012950493
0 0.27 0.9833333333333333 0.0275 0.03333333333333333
1 0.06892038389122206 0.5695307463224918 0.03005871071419449 0.03985032337635516
1 0.2419586242406943 0.5346827480556684 0.015465505167111076 0.02701576796523104
1 0.7583041826763329 0.6752007220843814 0.061003745516583475 0.05889640519425749
2 0.7075 0.6316666666666667 0.245 0.3433333333333333