2 0.5775 0.25 0.145 0.5
1 0.60875 0.275 0.0825 0.08
2 0.735 0.0375 0.085 0.075
2 0.829375 0.0575 0.09125 0.115
2 0.959375 0.050833333333333335 0.08125 0.10166666666666667
0 0.7143350682934337 0.3747500095360969 0.038933241067241935 0.08554877550799612
1 0.9525 0.014166666666666666 0.02 0.028333333333333332
2 0.721875 0.4141666666666667 0.14375 0.17166666666666666
1 0.22252557801753745 0.935315517339043 0.030652439620024126 0.033639633606008676
1 0.35321874536265513 0.9262408306141167 0.028744684757972153 0.032733557702078996
1 0.39124813839751327 0.9094108437397733 0.02492917503386849 0.030921405894219635
2 0.749375 0.7591666666666667 0.19875 0.4716666666666667
0 0.7360410461325045 0.5534601801696334 0.046932536861062316 0.05091248836097766
1 0.7959631117132164 0.8237090678620024 0.052459272274906536 0.04863071607276652