2 0.4925 0.23916666666666667 0.1525 0.3383333333333333
0 0.5154214425396003 0.09827769877640671 0.050306006667959764 0.04915249268792593
1 0.4660342810784246 0.33083200240986477 0.04873711648628273 0.05402147323971841
1 0.11830444083877474 0.207779666514697 0.023609622303829667 0.029861893562422023
1 0.18424833102045185 0.21740902035136567 0.024961658909937227 0.03161590652789376
1 0.3193631479899138 0.23521942710504892 0.030790732122152633 0.03534229820584992
1 0.43185047077692273 0.27404494677904606 0.027563695516045074 0.03345726579217057
1 0.7742737885967972 0.3152867535040674 0.026683604000775744 0.02924692597610137
1 0.8402686970815282 0.3240827740074027 0.027882585697722107 0.02850093894157311
2 0.7275 0.9691666666666666 0.13 0.06166666666666667
0 0.73 0.9716666666666667 0.045 0.056666666666666664
2 0.686875 0.4583333333333333 0.13625 0.1
1 0.735 0.4191666666666667 0.0175 0.021666666666666667