2 0.07681234074449918 0.2618738070473885 0.10033526643278946 0.4281581280600763
2 0.1163253091098376 0.06612768810728539 0.0025254667984776803 0.0010664227064783442
2 0.15625 0.23666666666666666 0.0275 0.38
0 0.036875 0.020833333333333332 0.02625 0.041666666666666664
0 0.07120964507939277 0.07854047371405513 0.024551140714754352 0.04882274336825825
0 0.09 0.005 0.0225 0.01
0 0.165625 0.07333333333333333 0.00875 0.04666666666666667
1 0.0701506182196752 0.32939132757471423 0.02299553913302134 0.038706198681685844
1 0.130678004774944 0.25027683424662633 0.02069927352084335 0.04513977597520731
0 0.14176037155854943 0.04190845985864153 0.023021005931499017 0.03953953201501899
1 0.33736306722365583 0.4219922929509527 0.07018781067669827 0.07385168541820217
0 0.21118101581733079 0.08615363709970858 0.05480580869953194 0.059953149179332005
1 0.5470797699768163 0.2487629180513786 0.027319605536065838 0.0374474384180229
1 0.6121816371707274 0.2581565750864829 0.02989600593149902 0.04018052779116791
1 0.8837001019920387 0.2718383777493387 0.02784273834215469 0.03417237742797587
1 0.9188412328209614 0.25932656798332215 0.02784273834215469 0.03417237742797587
0 0.037198596470845405 0.8191757587288949 0.046655341901054186 0.05836227538327724
2 0.063125 0.8908333333333334 0.12625 0.21833333333333332
2 0.63125 0.9133333333333333 0.12 0.17333333333333334
2 0.270625 0.8041666666666667 0.08125 0.39166666666666666
2 0.42 0.9091666666666667 0.09 0.18166666666666667
2 0.5102811703722496 0.7047939114598072 0.07286498698044695 0.3449939009952925
2 0.6136725083189711 0.7435172424254203 0.08761031899566944 0.33805910390082944
1 0.3187276956651065 0.6362457857674513 0.030470072334543515 0.0385721334677875
1 0.2641362000297448 0.868810157115445 0.019819605536065765 0.03674817029858768
1 0.5104180474519925 0.7704524277632817 0.01721773834215469 0.03318174759210933
1 0.45193334980971955 0.5697242175939027 0.01451400395433268 0.0262819915522977
1 0.6202376529880581 0.8155918154950907 0.01766447075281036 0.0274066866020623
0 0.26501483242552815 0.6528427585682134 0.021847406326932342 0.04192298732844658
0 0.4068929948891123 0.8497127960712845 0.026222406326932342 0.042330893731450395
0 0.4998800822203753 0.5683778546936112 0.023595072334543516 0.03793113769163862
0 0.610324687756441 0.6135755147687066 0.022944605536065837 0.037039532015019035
0 0.6232193952845456 0.8723750268483299 0.030213277475176027 0.07095558878121494