2 0.0725 0.315 0.145 0.29
0 0.847257901855875 0.2990236427662828 0.036912703375008106 0.05110214335097614
2 0.845625 0.3625 0.17125 0.195
1 0.770625 0.45 0.02625 0.02
2 0.131073378298672 0.7164586413985973 0.06971233901489235 0.3740930835384862
2 0.02625 0.7241666666666666 0.0525 0.3516666666666667
2 0.19211901002324297 0.7514869254643277 0.07891273516743354 0.36793575284137464
2 0.2852003590613783 0.7582129960952421 0.08440877364202094 0.43480615389586336
2 0.4125 0.7675 0.075 0.39166666666666666
0 0.013125 0.575 0.02625 0.05
0 0.134595219675817 0.5580913523339601 0.01790079760382014 0.0400834714118659
0 0.19577180428598207 0.5881196363996907 0.0274285759703465 0.04642614071475435
0 0.2785337100571702 0.5826017929317759 0.020531750489414264 0.04521929433708067
0 0.4252995826525085 0.5947480564548063 0.020444448565684753 0.04188596100374724
0 0.4121309316906438 0.5957016527640958 0.014194448565684753 0.041546403690710464
1 0.0025 0.8058333333333333 0.005 0.03166666666666667
1 0.11735709895331731 0.8100141049017977 0.01895436827542902 0.032651382874473334
1 0.17820035376264073 0.8049744775049209 0.02136706635169965 0.029453872466354673
1 0.2725535282817084 0.8109351262651091 0.020851193756361398 0.033586583401717766
1 0.39852574461644447 0.8761954287843924 0.01830754279449664 0.03178409380983624
2 0.871875 0.87 0.09625 0.26
2 0.484375 0.8425 0.06875 0.315
2 0.73625 0.9466666666666667 0.13 0.10666666666666667
2 0.56625 0.6483333333333333 0.0625 0.37666666666666665
2 0.6137519383728057 0.66482731124856 0.06527980151913326 0.39548810435472337
2 0.49 0.6333333333333333 0.08 0.3466666666666667
1 0.5591725700973768 0.6935737850231104 0.022210321161023075 0.037821161530991576
1 0.6024999470126243 0.7359846419456714 0.021410717313564333 0.03112053913302134
1 0.6410138229490436 0.866593009276351 0.022188495680090767 0.036987828197658244
1 0.6953431806269975 0.9429823584270152 0.026113099527549366 0.043858229252147114
1 0.8165277306778883 0.6891962572555878 0.02080754279449664 0.03191991673505091
2 0.8225 0.635 0.0675 0.35
0 0.4730455840359329 0.7080885165011737 0.03137500529873762 0.054129875102576455
0 0.484375 0.4683333333333333 0.02625 0.016666666666666666
0 0.575625 0.4741666666666667 0.02625 0.028333333333333332
0 0.6068015581164772 0.500049441418427 0.02365675048941412 0.045389072993598914
0 0.6713412316567166 0.5928493713345869 0.02182540145127888 0.04695387246635467
2 0.6615396258516013 0.775911058817491 0.07036115585600612 0.4465251720758787
0 0.71875 0.4841666666666667 0.0275 0.04833333333333333
0 0.83625 0.47333333333333333 0.0225 0.02666666666666667
0 0.92 0.48083333333333333 0.025 0.041666666666666664
0 0.9038650484978303 0.5328790361856433 0.027668656260602234 0.05559280738142112
0 0.8730297061418569 0.7782214293314667 0.0360992129936551 0.06770089855503557
0 0.7275 0.955 0.0425 0.09
0 0.7481606590274511 0.7664302830707315 0.02993651491738447 0.07069467457533203
0 0.7180118633812875 0.627096673580333 0.031142863955519715 0.0690959193712727