2 0.38125 0.255 0.4775 0.51
2 0.725625 0.3433333333333333 0.07875 0.3333333333333333
0 0.7297079779891199 0.20536732881464204 0.024713839060400745 0.04564156537067873
1 0.7281592678283083 0.4193399298623598 0.023943353919208335 0.038936085580222275
2 0.881318760306461 0.32244715390523043 0.08317204169936503 0.350529721311898
0 0.8845376190553467 0.1749471539052304 0.024659282132453626 0.04314156537067873
1 0.8675639509636749 0.38072341638102625 0.02142516827655925 0.037947499751729764
2 0.7452832304039587 0.14947462696747682 0.06359219028743922 0.2827374740553274
0 0.7459905916601269 0.031257733005512885 0.019713839060400744 0.04533106038036038
2 0.6698400868304495 0.1458376816127082 0.061183118500684655 0.2867488882268349
1 0.6675898764847504 0.1917486411936211 0.020672868778015642 0.03207535329460664
2 0.63125 0.07916666666666666 0.0225 0.15833333333333333
1 0.62375 0.08166666666666667 0.0075 0.03
2 0.690625 0.07166666666666667 0.04875 0.14333333333333334
2 0.245625 0.8916666666666667 0.10875 0.21666666666666667
2 0.371875 0.6325 0.08375 0.245
2 0.045625 0.6708333333333333 0.08375 0.32166666666666666
2 0.1475 0.6508333333333334 0.075 0.2816666666666667
2 0.093125 0.6191666666666666 0.06375 0.21833333333333332
2 0.458125 0.555 0.06625 0.09
2 0.49654074563254086 0.7341914468194766 0.08938379160692136 0.4349680798450932
2 0.30625 0.715 0.08 0.41
0 0.24020943610486747 0.6394267467351167 0.030247910847155453 0.04182421681812021
0 0.305625 0.5391666666666667 0.02875 0.058333333333333334
0 0.5041461018741442 0.5572919014100712 0.02884573755603128 0.0633744441134174
0 0.48598473058884606 0.5600841486666419 0.016897994985435077 0.05930366142807808
0 0.2547949239382299 0.8290956863547563 0.0308298514119258 0.06849088348478688
1 0.03497490155757507 0.7487076786334652 0.02024791084715545 0.04120320683748351
1 0.1338139509636749 0.6526916444460477 0.019477425705962902 0.03449772704702705
1 0.30278593628975486 0.8036458889467323 0.0207274257059629 0.03457535329460673
1 0.35382732726353794 0.6956184652911285 0.020120611348611987 0.035369873504150176
1 0.4979266120881614 0.8422919014100713 0.024513796991261074 0.03647489870401197