0 0.33151361919034655 0.20341665622092894 0.06419009412707681 0.08749432833442693
2 0.3 0.24583333333333332 0.2 0.18833333333333332
2 0.03875 0.6741666666666667 0.0775 0.41833333333333333
0 0.02486977469086465 0.4930333291550382 0.02728426104201354 0.04889218498345069
0 0.005625 0.3541666666666667 0.01125 0.028333333333333332
0 0.0075 0.43083333333333335 0.015 0.04833333333333333
0 0.046051308189310663 0.4065180453628448 0.02142638229927485 0.04191991673505091
2 0.11838689594812593 0.5047933555172562 0.07409941075156326 0.3175961955283379
0 0.12435269048858544 0.3698612669798636 0.021993162613590016 0.04028720579968796
1 0.12105810852073845 0.5717316680343523 0.021164393713693812 0.03441991673505091
2 0.201875 0.5091666666666667 0.07875 0.3383333333333333
0 0.203125 0.3591666666666667 0.02625 0.03833333333333333
1 0.19230810852073843 0.5756026214029714 0.020452064185166704 0.03188596100374733
2 0.28687490736254484 0.5214614029692486 0.07399838792272546 0.33256223979703425
0 0.3000359101742701 0.3777361608095297 0.023839052770747743 0.039555739660265675
1 0.2915512526068376 0.602702205078226 0.020539393713693812 0.034385961003747335
2 0.171875 0.46166666666666667 0.05875 0.24333333333333335
2 0.235625 0.41083333333333333 0.06375 0.14166666666666666
1 0.2409502853604728 0.4020782777982879 0.017210624813797325 0.028382849013895567
2 0.36875 0.6583333333333333 0.0625 0.37
0 0.3822105321763422 0.4990887183961036 0.02472604135632878 0.04708969539156935
1 0.36389881042374284 0.7544127157598818 0.024376723242220635 0.037089695391569345
2 0.175 0.9725 0.1325 0.055
0 0.19125 0.9808333333333333 0.0425 0.03833333333333333
0 0.169375 0.9733333333333334 0.03625 0.05333333333333334
2 0.8429262155518554 0.7834096037700301 0.08113882299274792 0.4119665965828265
2 0.665 0.9066666666666666 0.1125 0.18666666666666668
2 0.590625 0.8208333333333333 0.09625 0.35833333333333334
2 0.425 0.6083333333333333 0.05 0.3466666666666667
2 0.428125 0.8566666666666667 0.05625 0.2866666666666667
2 0.5322396420191845 0.5352588474718222 0.059274069808617325 0.3217812579770497
2 0.5927036762624412 0.5610865091395825 0.07434770603683362 0.34256223979703426
0 0.42605130818931064 0.45601721689164937 0.021193503556536087 0.03525325006838424
1 0.4125084309361934 0.682378281976583 0.02071405277074774 0.039385961003747146
0 0.46324823970279716 0.4129526935759589 0.02228426104201361 0.04862053913302129
0 0.4934759487188737 0.5156196363996908 0.02370892009906754 0.05368845059562868
0 0.5375222168739593 0.4019594698697926 0.02228426104201361 0.04862053913302129
0 0.5883201526887927 0.435611128901331 0.022589052770747742 0.039487828197658295
0 0.5961985806457432 0.4251852643436418 0.020946931513486505 0.04605262767041391
0 0.6934348688179413 0.47388360322295586 0.029000018527490994 0.062293429779391354
0 0.6693475207619233 0.5360284859606606 0.02760446931327934 0.05805885165011735
0 0.7258714794055944 0.5850197023052357 0.023825359470436923 0.05702178392896201
0 0.7373612511172161 0.4353592596182725 0.02035104135632878 0.04685200527244362
0 0.7470273495456395 0.42753526225449423 0.013301382299274848 0.041478492228103174
0 0.42904608288017526 0.7467302872490266 0.028287688998964028 0.05975947404808759
0 0.46467960645382383 0.8739034540524617 0.03362331381276135 0.08749716416721337
0 0.5025992069491619 0.6129654176924308 0.025700359470436994 0.05712365112287292
0 0.5958817262214636 0.6672933555172562 0.027705492142117122 0.043092807381421024
0 0.6623114623677248 0.862932842746453 0.03497433664159928 0.07259903136112446
0 0.8457978431773782 0.6115731584468451 0.027575359470436923 0.05722551831678402
1 0.5691521827982202 0.9664105065033607 0.025118162613590157 0.040456984456206255
1 0.5261899644346394 0.6008884464173335 0.019143844499482015 0.030151382874473238
1 0.5784844722925223 0.6454753059761162 0.022414393713693814 0.03448782819765834