2 0.77625 0.16666666666666666 0.1575 0.3333333333333333
1 0.7510723940802206 0.20714041975855507 0.0466936245385088 0.05226864093192603
0 0.836130574347566 0.1978358904782587 0.02616316747294519 0.06246190466048158
1 0.5411455572883657 0.1336768881467405 0.02781999147039983 0.03752009280637045
1 0.6687110100891293 0.12222009422629593 0.02401181120305438 0.030737049847926034
1 0.030571027148329648 0.8515662026348146 0.025915901336727103 0.03412857132714824
1 0.09993875461491147 0.8502465745702591 0.026504538669636233 0.02998130070911126
2 0.25625 0.8183333333333334 0.14 0.36333333333333334
0 0.2708628042329833 0.6674902453916292 0.04045089707192716 0.05290801377896306
1 0.2412537695417118 0.9100103381979996 0.05039998933799979 0.04738501722370377
1 0.36880511514960235 0.8285729403261847 0.02651181120305438 0.030814634042444406
1 0.40581829328454766 0.8115952401237032 0.02398999360279987 0.028237049847925844
2 0.604375 0.775 0.30875 0.45