0 0.3407873514232098 0.16280676104570568 0.05056394101280546 0.05695336666622727
2 0.343125 0.2825 0.18375 0.315
1 0.01963922707834499 0.35880577706001454 0.025940290500755907 0.0364006229435004
2 0.85875 0.16416666666666666 0.135 0.3283333333333333
0 0.86875 0.016666666666666666 0.04 0.03333333333333333
1 0.8478672691717197 0.20615464026647917 0.03873150733810576 0.043358207358970634
1 0.648923513426233 0.14905538225602943 0.026237671558737078 0.028915168830940655
1 0.7601611849849701 0.17482863939989088 0.025096877872743447 0.03138607705606025
2 0.298125 0.9133333333333333 0.11625 0.17333333333333334
2 0.0975 0.8866666666666667 0.11 0.22666666666666666
2 0.13062883134415215 0.6528706225145999 0.0711143871461087 0.31300488831116335
2 0.19708491553090177 0.6846911835541545 0.082048513426233 0.3632085307353259
2 0.3118782481250324 0.7345729238149218 0.07642967764686431 0.3489254969691378
2 0.0425 0.5525 0.055 0.225
2 0.0825 0.5866666666666667 0.05 0.29333333333333333
1 0.3101544375452189 0.8096892909144432 0.02079468208208084 0.032950922510645644
1 0.19290367127638844 0.7465178549826631 0.021456084186749536 0.03379880173141904
1 0.12801287759039467 0.7505306272764419 0.01902888839608707 0.03540728484832509
1 0.08266176820409 0.6289615640726135 0.018112671558737078 0.02872607229421817
0 0.09534261228919405 0.8046785303064254 0.02857973469879937 0.053944260605820964
0 0.08056102491720644 0.8100276316049898 0.020491136803468066 0.05458849740243181
0 0.12230449459715388 0.5195954727310274 0.02233589891943069 0.03964668095219267
0 0.079375 0.4533333333333333 0.01625 0.02666666666666667
0 0.1920373514232098 0.5404954251126074 0.027256930489461838 0.05224850216427394
0 0.2841407596160057 0.8586771891825846 0.031298147326811826 0.05900244415558177
0 0.3048403134827027 0.6021020155898023 0.025127115756780682 0.04637153116862
1 0.698522507055757 0.7247198428592141 0.02745126945406838 0.02811092727248763
1 0.8194084860090696 0.7135646073624857 0.02377407366340577 0.02969031861451318
1 0.8524304439156949 0.6961124627740491 0.02300346524473099 0.026342439393739692