2 0.043125 0.21 0.08625 0.42
2 0.2275 0.2275 0.085 0.385
0 0.015 0.024166666666666666 0.0225 0.04833333333333333
0 0.038125 0.013333333333333334 0.02875 0.02666666666666667
1 0.02774475753889938 0.3253871225684329 0.025207260187015235 0.04924692597610147
0 0.22069969219755797 0.09129477943501087 0.03216952763417964 0.06972733061952928
0 0.099375 0.39 0.03875 0.06
2 0.624375 0.31833333333333336 0.07875 0.20333333333333334
2 0.506875 0.2608333333333333 0.05375 0.31833333333333336
2 0.568125 0.10416666666666667 0.06375 0.20833333333333334
0 0.48875 0.13416666666666666 0.0175 0.051666666666666666
0 0.970625 0.01 0.02125 0.02
1 0.16221554738736046 0.539393180761086 0.025141809601641966 0.03424692597610137
2 0.890623749885967 0.7770725680665617 0.11065492255841036 0.30097613447877675
0 0.881794171430744 0.6514174708255236 0.037670898750697006 0.04178705563081868
1 0.8566155836881058 0.8338808846654915 0.0339099903198013 0.03902501673440346
1 0.512258764406265 0.8056503126780284 0.025734084308955404 0.026790599125503908