2 0.408125 0.03166666666666667 0.11375 0.06333333333333334
2 0.544375 0.27666666666666667 0.02875 0.20666666666666667
2 0.769375 0.2625 0.06375 0.235
2 0.628125 0.22333333333333333 0.05875 0.31333333333333335
2 0.7780445881354217 0.15007694948457598 0.11004083098930578 0.30005240242791814
2 0.65875 0.09416666666666666 0.0425 0.18833333333333332
0 0.6307445760351732 0.09852120059766785 0.020214532474279 0.04994258741969375
0 0.6862750363007453 0.1223458968586911 0.017013173458010157 0.032321349802033314
0 0.7723359568318893 0.16902538843945378 0.020196351756119668 0.04577592075302708
2 0.6875 0.23833333333333334 0.05 0.2833333333333333
1 0.6638259423115911 0.10980631934486898 0.01574135659621902 0.027272854754969083
1 0.6285346341163657 0.31847270555060364 0.01888090117074654 0.030727425705962902
1 0.750625 0.3675 0.01875 0.025
1 0.6728405473873604 0.33602761305471585 0.02013453731437835 0.031609254086360464
1 0.8241491423901478 0.18520459955928445 0.01636635659621902 0.027297102278501198
2 0.3751728680756179 0.7436577682056184 0.07677443809234148 0.4095763694905183
2 0.2895587765065134 0.7378358574817211 0.08002306697582419 0.4380309404415122
2 0.4875 0.7525 0.085 0.43833333333333335
2 0.42427193786427514 0.665549075041122 0.06733035136333626 0.39337932330420355
1 0.30109561514875166 0.815796560428831 0.022641809601642037 0.03337291084715541
1 0.3834283525416866 0.857330566868401 0.02267453489432853 0.04087291084715541
1 0.49214199110536827 0.8698829692963193 0.022667262607064913 0.039206244180488736
1 0.4252201379428318 0.7347642367548527 0.022016809601641967 0.03334866332362329
1 0.16182326057979876 0.5003408676341092 0.017609084308955403 0.02567893065889867
0 0.28850554496731085 0.5494297815777915 0.02713316619786113 0.06020931017854688
0 0.11207415449039619 0.44090106575154153 0.027085896330647116 0.04937597684521345
0 0.23474141709746113 0.4073202470304991 0.02269998789975162 0.04670624418048883
0 0.2476518846231822 0.4569961116913398 0.025210896330647117 0.0493032342746172
0 0.3259441472302471 0.42169371879951856 0.02770362404338343 0.047733557702078905
0 0.36330597377223695 0.454815236878111 0.029589532474278996 0.05030630027267515
0 0.3784219136637783 0.57208809163308 0.02651180234149308 0.0610183959883481
0 0.4206605280269631 0.4903793423763973 0.021424534894328672 0.040824415800091364
0 0.487226455818256 0.5638071607276649 0.023390438485124888 0.061730491704020854
0 0.5025 0.40166666666666667 0.0225 0.043333333333333335
0 0.4665291496502968 0.43631607826090696 0.022100440905174424 0.05251532999029005
0 0.425625 0.38916666666666666 0.01875 0.018333333333333333
2 0.059375 0.4125 0.06125 0.065
2 0.256875 0.405 0.05625 0.05
0 0.4172559616719886 0.411067190568538 0.019531354176169486 0.03658500656282835
2 0.1625 0.48583333333333334 0.0625 0.21166666666666667