2 0.206875 0.305 0.41375 0.61
0 0.33721146911158767 0.41996473774550575 0.09944289289707356 0.1709606487601883
1 0.036875 0.49166666666666664 0.07375 0.12333333333333334
2 0.9475 0.3383333333333333 0.105 0.5433333333333333
1 0.97375 0.55 0.0525 0.08333333333333333
1 0.730885013019553 0.258348967544727 0.025840404349766005 0.028858229252147018
1 0.7970076790271642 0.25891632669320414 0.027064937551288182 0.02809280738142102
2 0.50625 0.9266666666666666 0.0925 0.14666666666666667
2 0.65 0.7133333333333334 0.075 0.20666666666666667
2 0.835625 0.6891666666666667 0.08625 0.15833333333333333
2 0.4825 0.825 0.045 0.35
2 0.53 0.775 0.07 0.33
0 0.5001390596509341 0.8842403240569824 0.024002541110187677 0.050389072993599106
0 0.4746052924718954 0.6784720663534697 0.0211714727299767 0.03941991673505091
0 0.52875 0.6275 0.0275 0.035
1 0.6515980833769303 0.7262607272006185 0.017613537155854998 0.025083471411865902
1 0.5247156671641662 0.8354839619987463 0.020266337946721506 0.030219294337080572