2 0.11625 0.2 0.2325 0.4
1 0.07720230273292167 0.22992069884191343 0.10442858126908405 0.10224340452262898
2 0.650625 0.11166666666666666 0.08625 0.22333333333333333
0 0.6075 0.3541666666666667 0.015 0.08833333333333333
1 0.6381507552139195 0.09802126237021895 0.020269844718226012 0.03506878654520354
2 0.52625 0.5291666666666667 0.135 0.25833333333333336
1 0.5233253590613782 0.506285844483266 0.048075401451278595 0.04801588142656764
1 0.224375 0.4075 0.02625 0.015
1 0.294375 0.41333333333333333 0.03125 0.02666666666666667
1 0.43375 0.4166666666666667 0.03 0.03333333333333333
2 0.8795892455952727 0.6437964297459832 0.12641868275429005 0.32216668786161695
0 0.8724999735063121 0.5083017188448501 0.041113099527549365 0.0443624410395599
1 0.8410555090444147 0.7054128252459723 0.03729762308475244 0.04168783719210107