2 0.904375 0.2575 0.19125 0.515
0 0.92375 0.008333333333333333 0.065 0.016666666666666666
1 0.9347683436821717 0.31544615676194193 0.06445954943148052 0.06397174448294018
1 0.25482207201049506 0.2386903018574185 0.02766968208208084 0.03453851786144942
1 0.31853566990582627 0.23457294895580325 0.027742486291418303 0.036205184528116094
1 0.45404529937118865 0.2124224761445395 0.0278880947100933 0.03953851786144943
1 0.5705137119992011 0.19839475418669206 0.027081084186749534 0.035323315055224305
1 0.6061689498832383 0.1806767303714262 0.024581084186749536 0.035129170496991075
2 0.165 0.6916666666666667 0.09 0.22333333333333333
1 0.17001082997359 0.6838660105370707 0.027408703128768225 0.0428233150552245
2 0.416875 0.7916666666666666 0.41375 0.4166666666666667
0 0.268125 0.6616666666666666 0.11625 0.1
1 0.4412825707605166 0.8165899204366993 0.03256047576807461 0.03242680697791589
1 0.6402873854931976 0.7953220947238204 0.03277888839608707 0.037426806977915984
1 0.7604329939118728 0.7826698225952897 0.030096877872743448 0.03306599575301599
1 0.7937338402145849 0.7618126100049237 0.029326269454068667 0.029684126280124398