1 0.44375 0.23583333333333334 0.0525 0.051666666666666666
2 0.4075 0.21 0.125 0.42
1 0.120625 0.03891841056655006 0.026875 0.024583625249308908
1 0.24125 0.0670469453002723 0.029375 0.03378907876087245
1 0.305625 0.02438151737750919 0.02375 0.031201808359854415
2 0.62 0.5575 0.1225 0.145
2 0.486875 0.26916666666666667 0.03375 0.40166666666666667
0 0.611875 0.5451995441120515 0.031875 0.07966119893910274
2 0.0325 0.815 0.065 0.37
1 0.02125 0.8722626082750098 0.02875 0.04961271538298168
2 0.205 0.8033333333333333 0.0875 0.3466666666666667
1 0.208125 0.8260299582856295 0.03125 0.05048483556121179