2 0.175 0.225 0.35 0.45
2 0.86375 0.225 0.2725 0.45
1 0.42957655181663074 0.19016063733956762 0.02914367193911026 0.03617491341724607
1 0.5538496846227197 0.17426120541293205 0.023569605536065765 0.037273264067129996
1 0.5859676826455533 0.15847760176041087 0.02474320514063251 0.03489955651530408
2 0.135 0.5958333333333333 0.0675 0.2916666666666667
1 0.14381363914789375 0.64774274366563 0.017613537155854998 0.02587161471701421
0 0.13106747866147586 0.47683383168800675 0.022025673916276675 0.04791715872820255
2 0.19125 0.5216666666666666 0.085 0.14333333333333334
2 0.0075 0.5666666666666667 0.015 0.23333333333333334
1 0.39888894825773136 0.7461470962076245 0.03029180474519926 0.03296787253208644
1 0.539960680668387 0.7260427162306413 0.030916804745199186 0.03303101875617339
1 0.6642338134744761 0.7101432843040058 0.02456493755128818 0.02906622318197075
1 0.6981249443033987 0.6908369086458903 0.024016337946721363 0.0315030769578838
1 0.9925 0.6958333333333333 0.015 0.03833333333333333