2 0.254375 0.3125 0.11875 0.315
2 0.025625 0.31166666666666665 0.04375 0.31666666666666665
0 0.24072425008481801 0.19080798303826707 0.03135317981780524 0.05283054779620727
1 0.0901250317924254 0.06675223415135899 0.029906750489414123 0.045282052749143036
1 0.7084306097204285 0.11582862271407104 0.04182540145127888 0.047409422362919715
1 0.9638571890318559 0.04665193574262806 0.06203571731356419 0.03237625730614544
2 0.7025 0.0975 0.16 0.195
2 0.225625 0.8291666666666667 0.44875 0.3416666666666667
0 0.2185694750593726 0.7184930456932819 0.10598413800213685 0.11316750804946253
2 0.93 0.8208333333333333 0.14 0.35833333333333334
1 0.5003413217352553 0.8825677324182082 0.02901984471822601 0.03525780522561092
1 0.6276885433687288 0.8816808938854225 0.030829368275428946 0.03283054779620727
1 0.6654643356738115 0.869826659487547 0.02645436827542895 0.03266081513148265