2 0.04125 0.12666666666666668 0.0825 0.25333333333333335
0 0.030625 0.008333333333333333 0.02375 0.016666666666666666
0 0.061875 0.005833333333333334 0.02375 0.011666666666666667
1 0.07066700770673479 0.15840466905069406 0.015691054420664728 0.03236508205650163
0 0.45245588883627536 0.08734904520029876 0.0178752103456992 0.04661905064689762
2 0.7517953446296278 0.4182539262004955 0.08783132383181864 0.39119578143787653
2 0.82310095328607 0.1835025915620578 0.0735127595669115 0.30728043527968085
0 0.7606143295859331 0.24302112107055052 0.02078198263391009 0.03676455385311329
0 0.8240447278966763 0.054423226819120485 0.022729725204506366 0.04018518911017599
0 0.7459119880182499 0.25869043581914236 0.018427467775102714 0.043314817954807454
1 0.7438722655059132 0.4952115992795934 0.02396153956185728 0.03941005705932885
1 0.8219437603064609 0.26514015758748133 0.02006605442066473 0.032568786545203544
1 0.8701559309054151 0.08724067872588624 0.023888796991261074 0.03607672372599552
2 0.754375 0.0425 0.05625 0.085
1 0.6193509532860699 0.1929894006073159 0.025193353919208263 0.03863492500848186
1 0.2116872825022284 0.7198173953868984 0.02686831185006838 0.029555560265544425
1 0.276596354288983 0.7209575953642803 0.02620694056477035 0.02785979295763468
1 0.41040091121693023 0.7122300581382519 0.026279683135366553 0.031193126290968015
1 0.52 0.7308333333333333 0.02 0.03166666666666667