0 0.386875 0.2941666666666667 0.02875 0.03166666666666667
2 0.453125 0.165 0.05875 0.29
0 0.3869688127540132 0.16161072378377048 0.021539478516439347 0.041031381651826945
0 0.4501779258252142 0.04615064404218785 0.017789478516439347 0.04068174759210938
0 0.485625 0.2841666666666667 0.00875 0.041666666666666664
0 0.3612048204427639 0.2083413735550325 0.02637304658516598 0.05310595472149743
2 0.291364142920881 0.5620357624707016 0.08674039212953516 0.41658477479134715
2 0.045625 0.7725 0.09125 0.455
2 0.1575 0.5308333333333334 0.0775 0.44166666666666665
2 0.11375 0.4475 0.0725 0.275
0 0.02534076933423037 0.6085847197206008 0.030581614653892544 0.0651222554478818
0 0.14344012392533487 0.35753049502353734 0.024891104929788667 0.06293113769163862
0 0.28257520940691605 0.40226885184384664 0.028444575757477254 0.05828077175135623
1 0.02875 0.9741666666666666 0.0275 0.051666666666666666
1 0.14734413116142406 0.6164465517897333 0.022033459068231735 0.03775632066177991
1 0.29503268747069383 0.655369095804035 0.02180417503386849 0.031922987328446575
2 0.91125 0.7166666666666667 0.1775 0.5666666666666667
0 0.9227850266842968 0.49311477142999327 0.07472201537750152 0.0949763804679668
1 0.976875 0.8083333333333333 0.04625 0.06666666666666667
1 0.493125 0.7266666666666667 0.00625 0.03666666666666667
1 0.6100893609218707 0.708783544525891 0.028744684757972153 0.03423064977126207
1 0.6450265088187809 0.6879620209585744 0.02555417503386849 0.03227262138816409