2 0.0875 0.29083333333333333 0.09 0.31833333333333336
2 0.1841634731635294 0.1987852203691589 0.07995515792543444 0.3251654279227631
0 0.08266572671096377 0.15307677661783853 0.019967383713547518 0.038614537958836195
0 0.17499064836471043 0.0729034034797044 0.02000743553340726 0.039447871292169555
0 0.07024583035068326 0.15454950906002043 0.01438243553340726 0.039360600891151405
1 0.07685246452565607 0.4219525419477781 0.01827681369509051 0.02942847786972114
1 0.19922678963455198 0.25231248792697697 0.016706399136212725 0.022742417780605897
1 0.8739248494721312 0.17497616435388694 0.059782953732004526 0.04839209743262984
2 0.84375 0.1875 0.2325 0.375
1 0.6604412991952759 0.03426655293866437 0.029222228253968297 0.03625998862719977
1 0.6921402627980814 0.018104115255658068 0.029727072794389072 0.033769685338423866
0 0.52 0.48333333333333334 0.065 0.06666666666666667
2 0.4925 0.7233333333333334 0.1525 0.5466666666666666
1 0.1818608581100045 0.6251483698281189 0.02569671005537103 0.027878171737745275
1 0.0234871536064977 0.6435090417992717 0.028557176434108628 0.035416958582642336
1 0.1469567908674796 0.6395956572883373 0.030392124614248815 0.03461271538298168
2 0.794375 0.5716666666666667 0.20375 0.24333333333333335
1 0.7993431128903665 0.5442271822618163 0.055528109191583755 0.050824220454060196