2 0.684375 0.18 0.48875 0.36
1 0.5106834612029223 0.2594122291579805 0.11679221898079696 0.12790484004185865
0 0.8451698714841873 0.17117811367583216 0.10089662728489572 0.17918199185858763
2 0.298125 0.575 0.23875 0.43
1 0.35528231735444665 0.5727196966704812 0.06673174229648737 0.0612086742045301
2 0.210625 0.48583333333333334 0.10125 0.25166666666666665
1 0.1933266632098335 0.5050390682966811 0.03867147272997684 0.04095372229748534
2 0.48875 0.8691666666666666 0.095 0.26166666666666666
2 0.6402578861449633 0.6081693610749229 0.07225165694239082 0.3642799686414484
2 0.4675 0.6208333333333333 0.055 0.3516666666666667
2 0.5253162359546827 0.5122569196453352 0.07096664705655911 0.30182364179085086
1 0.4587436750728316 0.6907035549534503 0.02362053913302134 0.03823890004515789
1 0.6298175343580772 0.7253164323850173 0.021018671939110334 0.03473087411421441
1 0.5158436225099515 0.597737324288763 0.018965404349766003 0.02876652133267347
0 0.49643999324788957 0.7836981335756188 0.027509543087354017 0.06345726579217058
0 0.6319853746922708 0.4707094907296402 0.024525673916276674 0.047449239861227094
0 0.6412192438633482 0.45426473330467143 0.019155341901054185 0.05538951484993764
0 0.5196084549354797 0.39291201688637317 0.02337754111018768 0.05069522689575536
0 0.4641659762740038 0.47245756791892196 0.0219747403193211 0.045607880596950284
2 0.455 0.43416666666666665 0.03 0.14833333333333334
2 0.6625 0.37583333333333335 0.05 0.03166666666666667
2 0.599375 0.4975 0.07125 0.275