2 0.0525 0.06166666666666667 0.07 0.12333333333333334
1 0.0503936757116049 0.032193133745680974 0.01789425893072476 0.025169992243270656
2 0.22519258930724712 0.17479441391579248 0.08724901661147101 0.33129218860972837
1 0.23258896399475248 0.24443725141096143 0.022044682082080838 0.03474480533436785
0 0.21962923151356137 0.033195771653197564 0.02277888839608707 0.03731282973843956
2 0.700625 0.2 0.18625 0.4
1 0.7030431154744321 0.24618760762799732 0.05387711575678054 0.05147935887128862
1 0.5679165829367712 0.10043988931847801 0.026789867349399685 0.02945566723360855
1 0.9117696250301459 0.15445195382053664 0.025721877872743448 0.03348628509213171
1 0.9567881176920403 0.11705378412591803 0.027524073663406055 0.032023691637680256
2 0.993125 0.16833333333333333 0.01375 0.33666666666666667
2 0.881875 0.10666666666666667 0.10875 0.21333333333333335
2 0.408125 0.8391666666666666 0.16375 0.32166666666666666
1 0.4325 0.9875 0.0525 0.025
1 0.11238729437127488 0.8908322330627937 0.027706084186749535 0.03619035830434692
1 0.14835224175455636 0.8740123395696935 0.028956084186749536 0.03632640711249034
2 0.730625 0.6175 0.15125 0.435
0 0.730625 0.41583333333333333 0.05125 0.03166666666666667
1 0.7501594353276108 0.727395694085904 0.049574919966118215 0.05266985470945315
1 0.499375 0.5525 0.01875 0.03166666666666667
1 0.5316654164985315 0.5385701121763184 0.025649073663405915 0.03181961842546495