2 0.239375 0.11 0.07875 0.22
1 0.2386799633151999 0.13176513506914617 0.01824561134861199 0.034573951514991756
2 0.34 0.11333333333333333 0.08 0.22666666666666666
1 0.32558464645056645 0.09975780260240119 0.02188649749271747 0.02966122683963287
2 0.1375 0.15166666666666667 0.0925 0.23666666666666666
2 0.41875 0.17 0.0625 0.2
2 0.0525 0.19333333333333333 0.0775 0.15333333333333332
0 0.13956437165507282 0.0649403562803487 0.025818353919208333 0.03808183549760732
0 0.20625 0.25416666666666665 0.0325 0.03166666666666667
0 0.435625 0.1275 0.02875 0.075
1 0.022198359303547903 0.09016043723166263 0.018779683135366553 0.03042183073576524
2 0.693125 0.155 0.08875 0.23
2 0.466875 0.135 0.03375 0.27
2 0.548125 0.135 0.07125 0.27
2 0.631875 0.07333333333333333 0.05875 0.14666666666666667
0 0.549375 0.016666666666666666 0.02375 0.03333333333333333
1 0.5493613990502927 0.24221373247025998 0.018191054420664727 0.032073951514991754
0 0.6961417132227562 0.07138272424645847 0.02285702470304983 0.04550910606040636
1 0.6294485696492469 0.06460580086922453 0.015691054420664728 0.03201576796523104
2 0.590625 0.12416666666666666 0.06125 0.24833333333333332
0 0.016875 0.9816666666666667 0.03375 0.03666666666666667
2 0.105 0.805 0.09 0.39
0 0.10529555497532683 0.6486059199152744 0.030902593982522077 0.0706836567096885
1 0.09917849089530698 0.9002871324693812 0.029822952916295265 0.0498357774889151
2 0.27688146350008724 0.7437288298735707 0.09259971982016679 0.4361012696962107
0 0.27770274795493594 0.5629682259774382 0.032850336553118496 0.07406062770534239
1 0.274808300238093 0.8387288298735706 0.02644335391920819 0.03809638138504738
2 0.431875 0.7675 0.03625 0.435
2 0.3950505746638118 0.5385814783594576 0.08076296991261046 0.3517018688305012
0 0.40076943341269766 0.3910232948096969 0.021807066772189784 0.05464668095219267
1 0.3985593519665879 0.6067984445932695 0.023245611348611986 0.03469031861451318
2 0.1027142454476535 0.5378889536814625 0.09067872984929658 0.31944914891698434
0 0.09430120570090877 0.40815077965538576 0.022729725204506366 0.039675772727073025
2 0.13972616363176896 0.4162555965389192 0.06066723235657903 0.28959882554062916
0 0.14436538131442803 0.28954529220993197 0.0207274257059629 0.03379880173141913
1 0.13301002507282467 0.4663865095258808 0.01811831185006845 0.02874061818165842
2 0.314375 0.395 0.06125 0.25
1 0.31333067849057644 0.4188785064972155 0.01751149749271747 0.029559405627551598
0 0.28270943610486754 0.59117064632381 0.026000210345698917 0.04641516883094056
1 0.5510909139091 0.5452331666688635 0.029386497492717538 0.029835777488915104
1 0.6717886564796963 0.5390924770595752 0.023063754922121264 0.026356985281179846
1 0.7052409980473796 0.5233215450252456 0.02311831185006838 0.028856985281179845
1 0.990625 0.5508333333333333 0.01875 0.035