2 0.541875 0.0625 0.07875 0.125
2 0.845625 0.07166666666666667 0.07625 0.14333333333333334
1 0.54 0.0125 0.0175 0.025
1 0.8517655462349688 0.11357420111678153 0.020393844499481874 0.03052053429814521
2 0.508125 0.27 0.01625 0.4633333333333333
2 0.415 0.8133333333333334 0.17 0.37333333333333335
0 0.4382689186094461 0.6985341613172082 0.08728770752645516 0.12497519553720375
2 0.66875 0.94 0.115 0.12
0 0.5166285205944057 0.7648950260829132 0.02132535947043692 0.05718720096481188
0 0.511875 0.9316666666666666 0.02375 0.06
0 0.6596593907344509 0.913620266547689 0.02915926104201361 0.04942161857371161