2 0.043125 0.31833333333333336 0.08625 0.22333333333333333
0 0.04608875956616565 0.24323962349169345 0.028364985479701944 0.05674659057054062
2 0.273125 0.29333333333333333 0.09625 0.2733333333333333
0 0.26500238602959875 0.19215503016526678 0.03151543848512489 0.06277398952282283
2 0.451875 0.23416666666666666 0.05625 0.39166666666666666
0 0.474375 0.06833333333333333 0.01125 0.05
0 0.4611509907125847 0.060006522419062285 0.022020445745273776 0.034691792665976016
1 0.45883923677208543 0.3034174819999752 0.024545898750696724 0.040680378494468525
2 0.11125 0.23083333333333333 0.0925 0.3983333333333333
0 0.10313507502154014 0.05724644235061229 0.028924534894328672 0.04178540369433032
1 0.1079160729942739 0.393524977779381 0.02454953489432867 0.041513711827801864
2 0.0075 0.22583333333333333 0.015 0.4083333333333333
0 0.101875 0.015833333333333335 0.02625 0.03166666666666667
2 0.16375 0.15916666666666668 0.07 0.31833333333333336
1 0.17313829446049434 0.195360559362366 0.022663626463433104 0.03889727245643238
2 0.234375 0.14166666666666666 0.06875 0.2833333333333333
1 0.24757147275860383 0.17740846429804752 0.020770445745273917 0.03461416641839643
2 0.31375 0.16666666666666666 0.0725 0.3333333333333333
0 0.318125 0.004166666666666667 0.02125 0.008333333333333333
1 0.30854876198621534 0.23610477816664807 0.024538626463433105 0.03901371182780186
2 0.386875 0.14333333333333334 0.08125 0.2866666666666667
1 0.39180102701332997 0.20177596603593925 0.02142089875069672 0.040486312875519556
2 0.90375 0.20666666666666667 0.1925 0.41333333333333333
1 0.9379556538695465 0.19307263568184888 0.06841225534691603 0.07006396382642038
1 0.5292897018777567 0.05599523176416161 0.028909990319801297 0.03845207036099699
1 0.5674837886067619 0.03779429787965114 0.025784990319801294 0.038258004742048116
2 0.06375 0.8066666666666666 0.1275 0.38666666666666666
2 0.2375 0.8441666666666666 0.0975 0.31166666666666665
2 0.1725 0.8066666666666666 0.0725 0.38666666666666666
2 0.443125 0.6133333333333333 0.06375 0.36666666666666664
2 0.35625 0.5575 0.0675 0.255
2 0.275625 0.5875 0.07875 0.315
0 0.03235008470173887 0.5024177784398318 0.02400089391059744 0.05897489870401207
0 0.05909740296994652 0.6732100009930809 0.029062708352338866 0.07345207036099699
0 0.035096925764026767 0.5888903794875495 0.03591225534691592 0.06804568138935148
0 0.135625 0.44333333333333336 0.02625 0.02666666666666667
0 0.2675 0.44666666666666666 0.025 0.03333333333333333
0 0.1729455788480064 0.6436460124633391 0.028368621623333753 0.05757992390387396
0 0.23192423919213503 0.7307920990366422 0.03528725534691588 0.06800686826556178
0 0.44 0.4375 0.0275 0.015
1 0.21388328720034522 0.569456492750336 0.020119992739850972 0.028742019961273305
1 0.13016559578835415 0.7104519715477114 0.023284990319801295 0.03810275224688894
2 0.13 0.6125 0.0625 0.365
1 0.35504601975318095 0.5806847267738433 0.022016809601641967 0.033858459332642685
1 0.25684424403223444 0.747572907418384 0.019531354176169417 0.037036540170816847
1 0.44836331866099116 0.6740294248720414 0.02138090117074654 0.031319646208852796
1 0.40020601007298223 0.5412235151943118 0.018891809601641968 0.033664393713693716
1 0.16980883700775545 0.9329291185013752 0.02643180718159236 0.04329681786583781