2 0.018125 0.235 0.03625 0.38333333333333336
2 0.10033036244967988 0.19916666666666666 0.07074325525104527 0.3433333333333333
1 0.08134576046472042 0.24166666666666667 0.019856174028008978 0.03166666666666667
0 0.01 0.06833333333333333 0.02 0.04666666666666667
0 0.0954982211753061 0.03333333333333333 0.019114734656639598 0.028333333333333332
0 0.106875 0.021666666666666667 0.02375 0.043333333333333335
2 0.195 0.085 0.08 0.17
2 0.605625 0.6208333333333333 0.12625 0.11833333333333333
0 0.6145768603827653 0.6033333333333334 0.034698654755707284 0.08083333333333333
2 0.538505058561716 0.2225 0.06732543358040118 0.2991666666666667
1 0.535273866006216 0.315 0.019856174028008978 0.03166666666666667
2 0.52125 0.0775 0.0425 0.155
1 0.5182499629450179 0.08666666666666667 0.016469185442427942 0.024166666666666666
2 0.66625 0.07166666666666667 0.0525 0.14333333333333334
1 0.6690068188589189 0.065 0.015873295285270216 0.025
2 0.6125 0.04583333333333333 0.04 0.09166666666666666
2 0.3 0.84 0.4 0.32