1 0.2521091168559083 0.1218341309445385 0.029735228714217216 0.02855150195124414
1 0.32220383619203874 0.12295780016218259 0.030937869046152002 0.027727865000928963
2 0.680625 0.27 0.48125 0.54
2 0.025 0.8375 0.05 0.325
2 0.2791075472297993 0.7572833459361767 0.10429550971745244 0.42812056851316865
2 0.051875 0.6158333333333333 0.09875 0.15166666666666667
1 0.059114657268040105 0.5830790049499108 0.023769386722608487 0.03350302003615288
1 0.29731009412023296 0.8905342600138548 0.02785090439906469 0.03936544251854097
0 0.27325285892771406 0.5772494085956128 0.031686299420043154 0.05188968347608655
2 0.695 0.8025 0.205 0.395
0 0.6810922247347152 0.6378177582146549 0.053836133113281906 0.06788785532073036
1 0.7281137322927339 0.9700995895967439 0.060531018756173435 0.053779366952173294
1 0.4744282644064958 0.8411764437180076 0.03161022871421714 0.028566046525771563
1 0.7903180356922788 0.8103802290980365 0.027954948050347497 0.030203624043383382
2 0.884375 0.8058333333333333 0.18875 0.3883333333333333
0 0.8910829004195628 0.6470269473924297 0.05128877344521683 0.06703512922136051
1 0.8930376615869079 0.9454766373219822 0.05481129942004287 0.05206906656192435