2 0.354375 0.10583333333333333 0.07375 0.21166666666666667
2 0.221875 0.08 0.07125 0.16
1 0.2255910813997639 0.07277711780184537 0.019615871148243685 0.028624234670060485
1 0.3494960090652204 0.10667110889033125 0.020865871148243686 0.028643628092508873
2 0.68375 0.335 0.235 0.33
0 0.6926326790271642 0.20994451046046603 0.07687074625082019 0.08282057530235089
2 0.103125 0.75 0.20625 0.5
0 0.13643366832072118 0.9060117325270831 0.0947739612772844 0.1780532963717326
2 0.86375 0.7708333333333334 0.2725 0.4583333333333333
1 0.5590609466165085 0.720548625716124 0.026490871148243684 0.028730898493527092
1 0.6270586126241198 0.7236583508593489 0.027715404349766003 0.02791695858264215