2 0.024375 0.0725 0.04875 0.145
2 0.255 0.3375 0.1525 0.345
1 0.00625 0.03666666666666667 0.0125 0.043333333333333335
0 0.2743416230485286 0.23942662472252796 0.04023684383083065 0.06919768620155044
0 0.24715024999670476 0.2175562623944857 0.0440304814931514 0.0728514340937617
2 0.82625 0.255 0.3275 0.51
0 0.745625 0.015833333333333335 0.07875 0.03166666666666667
1 0.87132571720433 0.46008375489110115 0.09178139805149442 0.0960766851728808
1 0.45404106655636595 0.22543616122062146 0.031675467207625305 0.03517012132398188
1 0.588339700647305 0.2081213061941659 0.027267738960884885 0.0322963043386244
1 0.6256106029201222 0.18741716060538768 0.029142738960884883 0.03245651161806336
2 0.105625 0.755 0.21125 0.49
2 0.86875 0.8 0.0775 0.4
2 0.76125 0.6891666666666667 0.075 0.35833333333333334
2 0.680625 0.7891666666666667 0.07875 0.4216666666666667
2 0.968125 0.7475 0.06375 0.445
2 0.54375 0.7983333333333333 0.0825 0.4033333333333333
0 0.6734364659077429 0.611695436564537 0.028779564934808165 0.052403109191583704
0 0.5316487412323839 0.6304844540420814 0.02448093084386912 0.05786262553955965
0 0.5741628139598963 0.5801330199483198 0.02561092727248763 0.04880276372585219
0 0.631875 0.5275 0.02125 0.035
0 0.580625 0.5183333333333333 0.02375 0.016666666666666666
0 0.754375 0.5241666666666667 0.03125 0.028333333333333332
0 0.867716444479454 0.5400338795028901 0.027616840259449306 0.05896297100529106
0 0.9475 0.5175 0.025 0.015
0 0.9824514551935983 0.5577612354571162 0.025018655519228047 0.05124936129937254
0 0.863149657790727 0.62134783467454 0.024964108441327255 0.047082694632705965
1 0.5378797613607904 0.9152708443361629 0.02489865194784654 0.042082694632705774
1 0.6675929532437747 0.930049875388211 0.02049092370110614 0.03920887764734838
1 0.7647860701277475 0.7548922229112821 0.02052365194784656 0.04170887764734838
1 0.8111919652578016 0.715053707591976 0.021697286038785533 0.03598234916697436
1 0.8780434025944924 0.8987199243312398 0.028056380194586977 0.04484970676510405
1 0.9771379211013412 0.8210088694278312 0.023001833116686327 0.04025582068660014
1 0.6226165159070838 0.7445145737221599 0.019110010714144466 0.029102072794389075
1 0.4799683668806775 0.8409637984791433 0.020381829545304767 0.03087554431401524
0 0.39937293181548567 0.8979061139214963 0.010840024999670472 0.06502110549034076
0 0.4348578532450928 0.6929818992395717 0.028132746103647896 0.05068304009843738
0 0.40682961850553057 0.5593914678183831 0.025643655519228023 0.05130276372585219
0 0.435625 0.525 0.02375 0.03
0 0.4347628318168038 0.6379284968130919 0.03195911201270885 0.05683678799064855
0 0.478592361037797 0.5924702578663711 0.028067289610167058 0.045683040098437384
0 0.499375 0.5316666666666666 0.02625 0.043333333333333335
2 0.4225 0.93 0.0575 0.14
2 0.81 0.6675 0.06 0.315
2 0.4869042405824427 0.7494362336015747 0.06992014642664131 0.38138718568721575