2 0.460625 0.28833333333333333 0.13875 0.36333333333333334
0 0.4909853949242306 0.14362948915762005 0.060279983059652265 0.06509755094419348
1 0.7146930113146814 0.12881372667088062 0.022049534894328673 0.040339384892848405
1 0.8194712065531388 0.07960944082321911 0.022656354176169485 0.036182414937405837
0 0.8032507124068712 0.22934762962016464 0.03469498063960259 0.07386665245066638
2 0.71125 0.12 0.08 0.24
2 0.818125 0.1 0.07125 0.2
2 0.7975 0.335 0.115 0.27
2 0.0375 0.5741666666666667 0.0575 0.20833333333333334
1 0.033151703119456005 0.6213616263950508 0.01825953731437835 0.031114537958836383
2 0.681875 0.7483333333333333 0.30375 0.5033333333333333
0 0.612660407024479 0.5593937778484815 0.10985860710303569 0.11253025779757483