1 0.029173336790166503 0.19833707031236864 0.02471773834215476 0.031850897944013544
1 0.14837006920082219 0.19157773240079157 0.026541804745199328 0.0301987758518743
1 0.18101120002974483 0.17548744491747434 0.023990871148243685 0.028512716419171132
2 0.385625 0.37 0.09125 0.3
2 0.5112743755128821 0.16358806505836948 0.06509864903372545 0.31043148904431256
2 0.63875 0.09666666666666666 0.065 0.19333333333333333
2 0.7525 0.15916666666666668 0.0775 0.31833333333333336
2 0.349375 0.1275 0.01875 0.255
2 0.40875 0.0625 0.05 0.125
1 0.375625 0.5125 0.02125 0.015
1 0.5122007233454353 0.25526927629956353 0.01766447075281036 0.025964234504079874
1 0.6410218344026944 0.11340327817478563 0.01576400395433268 0.025116356596219115
1 0.7546126529880581 0.23004999646917887 0.01654180474519933 0.030121204787728287
1 0.4080793557412186 0.039358927508321054 0.013838070357377177 0.023435145355025024
0 0.36774932295000207 0.2538892085381724 0.023747873125410025 0.04100786822766205
0 0.5074543557412186 0.038588065058369474 0.019092738342154688 0.03180726422043146
0 0.7425 0.023333333333333334 0.0225 0.04666666666666667
2 0.185 0.805 0.305 0.39
0 0.10762836958138308 0.6559221153345852 0.0706716798477757 0.08386178620782848
1 0.0075 0.83 0.015 0.02666666666666667
2 0.968125 0.6525 0.06375 0.265
1 0.9788411771243599 0.6998609170003228 0.036771005931499304 0.037776346916020505
1 0.7838687707974278 0.6613638563681529 0.028264003954332678 0.025213320426401727
1 0.8177853684248281 0.6460972058351508 0.026592738342154688 0.03186544251854097
0 0.5975 0.5541666666666667 0.1125 0.06833333333333333