2 0.056875 0.21916666666666668 0.11375 0.3016666666666667
0 0.03162841013701538 0.12011971990912325 0.03973596680652094 0.08414790302998351
2 0.531875 0.315 0.10875 0.11
2 0.553125 0.26416666666666666 0.08875 0.21166666666666667
0 0.550866226894149 0.20632091817770407 0.025966580083912588 0.050538197835286666
2 0.389375 0.15666666666666668 0.07625 0.31333333333333335
0 0.37875 0.019166666666666665 0.025 0.03833333333333333
1 0.392002858927714 0.22259717099301762 0.023144386722608417 0.033827893506299535
2 0.343125 0.1025 0.06625 0.205
1 0.34924593577247576 0.12922441774660678 0.01925230771841278 0.03124061818165842
2 0.46625 0.1325 0.08 0.265
1 0.47007043685219274 0.17947359047280106 0.02107994805034764 0.030450922510645646
2 0.535625 0.09666666666666666 0.07625 0.19333333333333333
1 0.542456330793454 0.1462045510781826 0.020123430373891152 0.024603043289872062
2 0.604375 0.08416666666666667 0.07125 0.16833333333333333
1 0.608743628054063 0.1044712653632692 0.018579948050347496 0.030392738960884836
2 0.659375 0.12416666666666666 0.07375 0.24833333333333332
1 0.6679392517892583 0.14662827445365906 0.01901550937808665 0.027073951514991753
2 0.411875 0.050833333333333335 0.05125 0.10166666666666667
1 0.4120379419114117 0.015005677919133547 0.016373430373891152 0.02451576796523104
1 0.09979929362047293 0.7752158632020709 0.029782588382282357 0.029821231601474853
1 0.22393749528014692 0.7739438281360003 0.027907588382282356 0.029777593939154298
2 0.343125 0.5108333333333334 0.07625 0.2816666666666667
2 0.40375 0.525 0.085 0.31
2 0.4925 0.5425 0.0925 0.345
2 0.61875 0.535 0.0925 0.33
2 0.7125 0.465 0.0825 0.19
0 0.3922835973593837 0.9583953021625164 0.03757680879812966 0.07910426536766295
1 0.33805483403260483 0.5643201285697339 0.019204948050347496 0.030407284848325087
1 0.3951285970200179 0.5581583502142305 0.02089050937808672 0.02711758917731231
1 0.4851759566880831 0.5610862913389499 0.02112730771841271 0.03128425584397898
1 0.608926694780387 0.618893647614905 0.018532588382282427 0.029559405627551504
1 0.728592962827019 0.4510713129816891 0.01690371103776073 0.02286364718600453
2 0.39375 0.9583333333333334 0.155 0.08333333333333333