2 0.4450030651177431 0.35269182732862436 0.07538763364098003 0.40361512179078735
2 0.060625 0.5108333333333334 0.09625 0.115
2 0.303125 0.48333333333333334 0.08875 0.17
2 0.209375 0.3908333333333333 0.07625 0.355
2 0.516875 0.12 0.06625 0.24
2 0.04130353497770706 0.2806041152556581 0.07679719150221657 0.3503108785911267
2 0.020625 0.058333333333333334 0.04125 0.11666666666666667
2 0.245 0.1075 0.0525 0.215
2 0.43375 0.0725 0.0725 0.145
0 0.03808311629534415 0.12640835845531864 0.021613626670908843 0.041996354848290784
0 0.06875 0.011666666666666667 0.0275 0.023333333333333334
0 0.0543571232654152 0.487445322724361 0.031257710407381435 0.07297513884998769
0 0.08863670458305223 0.33383136859747586 0.029876804805854248 0.05795574542753911
0 0.20343263577338 0.24062526017395972 0.02811089280712693 0.07042665529386644
0 0.29703849872690635 0.4403840100572559 0.032493165340545145 0.07132786560576941
0 0.4391953760343621 0.18845728368338807 0.029934985073199697 0.06462241209420579
0 0.38201449175683533 0.08091791300654004 0.019796806938254575 0.048633931381284676
0 0.31283628803308944 0.17399854801609213 0.02803816747294519 0.062093321960533104
0 0.1805244981540354 0.050295571992335655 0.024811352005090725 0.050378171737745274
1 0.044494425652433944 0.3598095687672217 0.02092317387014532 0.03448665813706649
1 0.19759848380010603 0.5029992029280447 0.02417180693825429 0.048701808359854416
1 0.4531212304582883 0.4236415211966486 0.019658628803308886 0.03280059804795125
1 0.3927498933799978 0.3085536669636794 0.021569991470399827 0.03699635484829059
1 0.3174744128580337 0.4190373348609891 0.019040901336727103 0.03362423467006048
1 0.25152083523232577 0.16554827031611688 0.017158628803308887 0.03276181120305438
1 0.10144810989814403 0.1548877262889666 0.017754538669636305 0.02943817458094524
1 0.07701536750476187 0.21949985783999712 0.01904817387014532 0.034457568003393814
1 0.01974677495225368 0.030303517207706677 0.015225448535963509 0.026066054402715033
1 0.4526467642902534 0.08284697470821215 0.015850448535963436 0.026075751113939227
1 0.54625 0.1425 0.0075 0.028333333333333332
2 0.38282945337363455 0.2459082162953158 0.07077264003818015 0.37604724481221763
2 0.15978488911519775 0.32327012701037217 0.06160854350730716 0.4000684608105208
0 0.16642629229788952 0.15339618425628734 0.02296544213876331 0.05368241493740584
2 0.35375 0.0375 0.0575 0.075
1 0.9474816853914518 0.2837664107786615 0.031540901336727246 0.03381816889454512
0 0.9648712837682893 0.056567008826612836 0.034120899204327204 0.043023622406108755
2 0.955625 0.20916666666666667 0.08875 0.35833333333333334
1 0.6014494235200339 0.2317374628049917 0.029665901336727103 0.03378907876087245
1 0.7270235157861066 0.22785316842772999 0.026519083736472594 0.03124059520475119
1 0.7606426101845796 0.21337679083383876 0.024019083736472595 0.031201808359854415
2 0.461875 0.7841666666666667 0.17625 0.43166666666666664
0 0.4825 0.6 0.0875 0.06333333333333334
2 0.94375 0.6525 0.1125 0.16833333333333333