2 0.26625 0.235 0.5275 0.47
0 0.306875 0.056666666666666664 0.11875 0.11333333333333333
1 0.011875 0.3225 0.02375 0.03166666666666667
2 0.549375 0.28 0.03875 0.38
2 0.705 0.23166666666666666 0.0975 0.4633333333333333
0 0.705 0.035833333333333335 0.035 0.07166666666666667
1 0.703841377889194 0.328685971024042 0.028198257750666755 0.042135590140566136
2 0.9075 0.2375 0.1075 0.465
0 0.9037728232532776 0.031042695481846322 0.02568371071419449 0.041108112248999476
1 0.9044804023573607 0.3480573340862632 0.028910539969500063 0.047184126280124396
2 0.830625 0.095 0.08625 0.19
1 0.8350077536484997 0.07299980136036983 0.02500052256830557 0.03772624277610779
0 0.7109673354873608 0.06349182646580877 0.02773327515186111 0.051253720667674356
2 0.1625 0.8508333333333333 0.075 0.29833333333333334
2 0.31625 0.8191666666666667 0.075 0.3616666666666667
2 0.414375 0.8658333333333333 0.11125 0.2683333333333333
2 0.510625 0.8233333333333334 0.03875 0.35333333333333333
2 0.24727552363324976 0.8100285450099912 0.056749302354805735 0.3547647606375572
0 0.41274102880036084 0.7705483374999282 0.0318033099542501 0.06987827083835763
0 0.525 0.6783333333333333 0.01 0.05333333333333334
1 0.525625 0.9375 0.00875 0.03833333333333333
1 0.30961393852713853 0.921695989302151 0.022515069604777834 0.03836543155120788
0 0.17676794506163865 0.7372768677258646 0.035887369224805565 0.053551357148599266
0 0.21014076724997202 0.6847529884688319 0.024753745516583336 0.059344373303216194
0 0.23665261390647202 0.6677144706073825 0.023343728115388842 0.05008063435743281
0 0.25312081945355536 0.6539525309788663 0.020931010334222292 0.05488648979919958
0 0.28475008753844433 0.5582894629467335 0.021294163677722223 0.03993502593875789
0 0.3935868471889721 0.580628971857361 0.022747822188333374 0.05169876488454117
0 0.4097199483288887 0.6218184960892863 0.026279616641249958 0.039489981721891165
0 0.418003920593472 0.6835904539959116 0.026599651443638947 0.0578233150552245
0 0.4483831886783609 0.5880244582428955 0.022602351823611144 0.04336543155120784
0 0.47451733495488874 0.5568678098543377 0.02520418107891672 0.049392909442774455
0 0.518125 0.5758333333333333 0.02375 0.04833333333333333
1 0.057493729180333054 0.8122835314357203 0.045727351823611144 0.04516126871486563
2 0.101875 0.5208333333333334 0.08125 0.10166666666666667
2 0.634375 0.735 0.20875 0.53
1 0.6836985203659997 0.6837614969226052 0.028648693312999997 0.032184126280124396
1 0.8237421614754163 0.6703894016615417 0.02860505220358334 0.029684126280124398
1 0.956285802584833 0.6575997400751781 0.024259146276527872 0.03101103996988286
1 0.995625 0.6383333333333333 0.00875 0.03