2 0.25625 0.155 0.235 0.31
1 0.3057206701330199 0.22330949571740139 0.06947002142828893 0.05553330106600432
1 0.435 0.11416666666666667 0.01 0.028333333333333332
1 0.5636148285736882 0.10323041009916778 0.026610010714144466 0.02770362404338338
1 0.6849739227294895 0.09395652761306328 0.022881829545304697 0.029341201560995386
1 0.7189421110410923 0.07702805860490362 0.022213191882984235 0.026003020036152787
2 0.03625 0.7641666666666667 0.0725 0.4716666666666667
0 0.021724336366392406 0.556820697582485 0.03191547435038828 0.05107574290878991
1 0.01125 0.8958333333333334 0.0225 0.051666666666666666
1 0.17098707889865877 0.5165001613366454 0.03325274967502935 0.057752105958474735
2 0.04125 0.3775 0.0675 0.135
1 0.03697350909258667 0.34672373375230237 0.019164557792045116 0.031812112411940534
1 0.4275 0.335 0.005 0.03333333333333333
2 0.5753012051968937 0.6347408234250683 0.07674059934874065 0.37222420869021655
2 0.448125 0.8808333333333334 0.03625 0.23833333333333334
1 0.5750534519504827 0.7014026419002259 0.02412092012972465 0.02851756461068021
1 0.4609290441564604 0.34899046495362723 0.020392738960884883 0.030155142128292168
0 0.5735367188324784 0.48310324590745657 0.025654564934808093 0.05019392766036523
2 0.568125 0.3566666666666667 0.04375 0.09333333333333334