2 0.2796392667687329 0.2658652137611983 0.0889738561515243 0.3635030505089691
2 0.171875 0.12666666666666668 0.07375 0.25333333333333335
2 0.0806993292174447 0.2709681443371196 0.08305492453173514 0.37365613980158474
2 0.27875 0.08333333333333333 0.0725 0.16666666666666666
2 0.199375 0.04833333333333333 0.05875 0.09666666666666666
2 0.100625 0.08916666666666667 0.06125 0.17833333333333334
2 0.03375 0.1275 0.0675 0.255
1 0.16520695254800757 0.13217526805830385 0.01596773834215469 0.03329925236438877
1 0.026753011042386702 0.16894459023325675 0.020215404349766004 0.029608756526224342
1 0.06977085451030156 0.3207811116093766 0.020291804745199257 0.03210875652622425
1 0.2729075244722455 0.321987685195291 0.020942271543677008 0.03301011426362947
1 0.10142935887493994 0.08510073003484162 0.01763900395433268 0.026836658909937323
0 0.00375 0.3325 0.0075 0.058333333333333334
0 0.0375 0.47333333333333333 0.0375 0.03333333333333333
0 0.08626488812212947 0.10936950207452464 0.024308142691920692 0.06161554521324973
0 0.2778321596658065 0.09928361198307575 0.022701607513232178 0.049812829738439555
2 0.959375 0.4191666666666667 0.08125 0.14166666666666666
2 0.64875 0.31833333333333336 0.07 0.3433333333333333
2 0.734375 0.31 0.06375 0.36
0 0.9669355323809108 0.3844365637418741 0.025903007908665357 0.05265295175879828
0 0.881244710661826 0.08999821206037283 0.021720072334543518 0.038078138667701183
0 0.785811775087704 0.09382516930813314 0.022548806722365526 0.04481282973843956
0 0.7907162885175627 0.220610844298471 0.026247873125410024 0.04355430949620342
0 0.810625 0.46416666666666667 0.02875 0.051666666666666666
0 0.8640588197419187 0.24197105731227112 0.021298806722365667 0.044676780930296145
0 0.8423949703425048 0.13008341448273436 0.024602074311709857 0.0508502362839882
0 0.9652260387227156 0.13258286434746444 0.02072474031932103 0.046275423192891005
1 0.9379425343580772 0.3687394167505017 0.019819605536065696 0.03704073212215254
2 0.99 0.35333333333333333 0.02 0.2733333333333333
2 0.860625 0.3566666666666667 0.06625 0.26666666666666666
0 0.879246630418617 0.1758995697977779 0.020444605536065693 0.037108756526224244
0 0.7137956442587813 0.07010100510247654 0.020215404349766004 0.029608756526224342
0 0.7374225640155724 0.15879136340682345 0.0263497403193211 0.04688764282953675
1 0.7386598584646342 0.4055770383971613 0.02219227154367701 0.03314616307177289
1 0.7697453877118238 0.434879616338154 0.02286820514063251 0.03488085414251145
1 0.6475000556966013 0.41321349980675737 0.023340404349766003 0.02994887854658297
1 0.6125329387078432 0.30573067782504704 0.02024087114824372 0.03044208985955758
0 0.6235940367455493 0.10794153972428773 0.021847406326932342 0.04224480533436785
0 0.6422835600612398 0.17351967839198892 0.02530347470714318 0.05341826068805991
0 0.6651634351638163 0.12249917479709514 0.020470072334543517 0.03794208985955767
0 0.7444737047303269 0.11273691637680258 0.02299553913302134 0.039047520809178025
0 0.7893092339775163 0.14353603120737385 0.025622873125410024 0.043486285092131614
0 0.9441564331866499 0.1654060834171684 0.020419138737588015 0.03627542319289091
0 0.6117615185407465 0.43357079984540575 0.02773874427365378 0.07195566723360836
2 0.6075 0.44166666666666665 0.1075 0.09666666666666666
2 0.275 0.745 0.55 0.51
0 0.25375 0.5258333333333334 0.12 0.07166666666666667
1 0.006875 0.6541666666666667 0.01375 0.028333333333333332
2 0.710625 0.8691666666666666 0.09375 0.26166666666666666
0 0.7117848584646341 0.780101142636294 0.03151421107213153 0.07319714699137232
2 0.881875 0.8375 0.09625 0.325
0 0.8849056047154543 0.7170051382812157 0.033491078266042675 0.07673455353692096
1 0.879375 0.9858333333333333 0.02625 0.028333333333333332
2 0.98 0.7075 0.04 0.35833333333333334
1 0.99625 0.7766666666666666 0.0075 0.03666666666666667
2 0.7101719426621759 0.6687236140703866 0.09345285022002528 0.3266152701456148
0 0.7028947632247059 0.5374991747970952 0.023071939528454523 0.04154752080917803
2 0.7475 0.5941666666666666 0.0625 0.20833333333333334
1 0.7417116205327852 0.6010874277284257 0.018365871148243684 0.030238016647342363
2 0.924375 0.5858333333333333 0.06375 0.19166666666666668
1 0.9224108940536285 0.5772770983636852 0.017766337946721365 0.03100332557660399
0 0.8896647335672107 0.7459506912511947 0.026400673916276672 0.04855430949620351