2 0.079375 0.21 0.15875 0.42
1 0.16103041564844886 0.18707690253006054 0.033908459068231735 0.03886349518421885
1 0.2852416413381894 0.1713140395494284 0.031244684757972437 0.034463739144407084
1 0.3188632795109956 0.1489423940020175 0.02986366530976454 0.031013861124501243
1 0.8566323604692093 0.20776474912687737 0.04361100768875076 0.04807091366684593
2 0.840625 0.17666666666666667 0.17375 0.35333333333333333
1 0.6248388159193964 0.1357008210930285 0.026738665309764542 0.030722499408069932
1 0.6611242284024621 0.11726275283913916 0.02624468475797215 0.03399756039811715
2 0.148125 0.71 0.29625 0.58
0 0.24121538353546143 0.7540174103858328 0.09148546268627626 0.17292503868693113
2 0.74 0.71 0.34 0.58
1 0.7690429321559804 0.9293312269041022 0.10120129941186477 0.10325715221932304