2 0.195625 0.225 0.11625 0.45
2 0.028125 0.26416666666666666 0.05625 0.37166666666666665
0 0.1900508779003542 0.040355286526888294 0.031285009885831695 0.06341161428559265
1 0.19606845855386879 0.3396189334367032 0.024972406326932345 0.040737049847925845
0 0.115 0.43166666666666664 0.0375 0.03666666666666667
2 0.588125 0.17 0.07375 0.34
2 0.63375 0.041666666666666664 0.0675 0.08333333333333333
0 0.38875 0.4175 0.0375 0.065
0 0.58375 0.0225 0.0225 0.045
1 0.5899999443033986 0.2652015116533329 0.022345072334543657 0.03649279898674081
1 0.6383669067372381 0.025975263325295733 0.017039470752810502 0.02633763059770369
1 0.046291334813000164 0.7577479680857406 0.027115871148243754 0.029147967375777833
1 0.11129133481300016 0.755730779028259 0.028442271543677008 0.03168675947303711
1 0.24858760042517816 0.7447969816630736 0.028314937551288322 0.027520092806370352
1 0.363125 0.7341666666666666 0.01375 0.03833333333333333
1 0.40625 0.8591666666666666 0.0725 0.11166666666666666
2 0.560625 0.725 0.38125 0.55
0 0.7023693921508243 0.7984551705189253 0.08949382649402907 0.17011846656500001