1 0.13831471850421248 0.03475430396515464 0.029110010714144464 0.03040472630799949
1 0.26385244317957146 0.04078002833996417 0.02847410129856428 0.02950824675057921
1 0.005 0.0275 0.01 0.035
1 0.2992592548679687 0.027712696446253442 0.025360010714144607 0.030025848963477982
2 0.883125 0.1575 0.07875 0.315
2 0.7876179353868672 0.2601694944472136 0.08697744317957139 0.44570900913130307
2 0.68125 0.14166666666666666 0.08 0.2833333333333333
2 0.648125 0.41583333333333333 0.11625 0.18833333333333332
1 0.6745538090886324 0.15803298700231702 0.020370920129724617 0.03035401250411572
1 0.7865688876590252 0.3707502428841992 0.024262742532266374 0.04156622318197056
1 0.8825088412310658 0.2614343871750962 0.024931380194586978 0.044962702739391035
0 0.7832992262969168 0.07331338910828615 0.023637742532266373 0.04150307695788371
0 0.632324800645987 0.3651531255347235 0.035411394480112914 0.08263970899144871
2 0.090625 0.8941666666666667 0.07375 0.21166666666666667
2 0.021875 0.725 0.04375 0.32666666666666666
2 0.455625 0.9225 0.08625 0.155
2 0.310625 0.8583333333333333 0.09875 0.2833333333333333
2 0.1671942120113907 0.7981776166091246 0.07068696882918317 0.393297020195796
2 0.390372339609508 0.6817435906137584 0.07024284610232982 0.31169349975321625
2 0.098125 0.6066666666666667 0.04875 0.19333333333333333
2 0.150625 0.6016666666666667 0.05125 0.18333333333333332
0 0.0075 0.5891666666666666 0.015 0.045
0 0.08344279253160736 0.6465721279204013 0.026784561363426603 0.04348547474498508
0 0.08452740746575643 0.8247791688055607 0.03135593084386912 0.058927498313593674
0 0.16882778538884438 0.6368898272869795 0.020643655519228046 0.05118734583744896
0 0.27153506428486696 0.663079141370572 0.019920470779006792 0.04362419961336201
0 0.30331646233636134 0.7545066396841658 0.027551383765968468 0.05438195430240531
0 0.3812577461036479 0.5576525025913819 0.023100017856907584 0.0481065974004634
1 0.0075 0.7791666666666667 0.015 0.025
1 0.2875 0.985 0.02 0.03
1 0.20898193668674964 0.7957417469562833 0.018506829545304696 0.03099790716518811
2 0.830625 0.755 0.33875 0.49
0 0.916875 0.5425 0.11625 0.065
1 0.6175292405824426 0.7104066945541431 0.03106137662320542 0.036427498313593674