1 0.353125 0.005 0.03625 0.01
2 0.41125 0.05583333333333333 0.1625 0.11166666666666666
1 0.038125 0.014166666666666666 0.02875 0.028333333333333332
2 0.554375 0.2608333333333333 0.04875 0.13833333333333334
0 0.544375 0.23083333333333333 0.02875 0.06833333333333333
2 0.608125 0.285 0.12375 0.09
0 0.595678280549608 0.2865141275093207 0.038475336553118356 0.0773467731735667
2 0.324375 0.96 0.12125 0.08
0 0.323125 0.9641666666666666 0.04125 0.07166666666666667
2 0.09375 0.48083333333333333 0.0725 0.3016666666666667
0 0.085 0.34833333333333333 0.025 0.03666666666666667
1 0.08062770588579618 0.5716849449554963 0.021995611348611988 0.03647949640510622
2 0.255 0.4191666666666667 0.125 0.17833333333333334
1 0.3068988220640857 0.40323356603521404 0.016334240063313812 0.03420061010179377
2 0.6950428347853854 0.7171281350855937 0.16612480395844642 0.46950610101793816
0 0.7118892033785137 0.516600980337492 0.04735932420159344 0.055867139234643065
1 0.7154447977308105 0.7822472809430824 0.053057066772189784 0.05981269220462195
1 0.5461521589869789 0.682620658729481 0.026886497492717466 0.032023691637680256