1 0.00625 0.37416666666666665 0.0125 0.028333333333333332
1 0.15859147994832123 0.3435021800098976 0.025576554595791876 0.026703252826698835
1 0.12372746452565607 0.36182488285917536 0.02694671005537103 0.029290599125503906
2 0.738125 0.5158333333333334 0.11375 0.18833333333333332
2 0.469375 0.4216666666666667 0.10375 0.37666666666666665
2 0.544673837135475 0.274648312378419 0.09524295619785975 0.37458213719258093
2 0.42125 0.21333333333333335 0.0225 0.36666666666666664
2 0.86875 0.09333333333333334 0.0825 0.18666666666666668
2 0.696316919800665 0.23311505744146477 0.08574780073828052 0.37142703995154297
2 0.76375 0.4141666666666667 0.1 0.39166666666666666
2 0.6075 0.03333333333333333 0.0475 0.06666666666666667
2 0.721875 0.0375 0.14375 0.075
0 0.45489831893687777 0.2725602394096481 0.033508731029900506 0.0621399843207242
0 0.5326889913621267 0.1166206910909034 0.030888575570321278 0.05946529172311405
0 0.7187413775415294 0.4648289407522191 0.031793938309339465 0.06534229820584983
0 0.737798837135475 0.2611533092130359 0.028083990129199207 0.06591359264276804
0 0.7496980598375791 0.24777984622498522 0.023164093768918547 0.06723087411421441
0 0.550625 0.013333333333333334 0.03125 0.02666666666666667
0 0.43125 0.6041666666666666 0.0325 0.011666666666666667
1 0.5409387082022896 0.35350572350458276 0.021602072794389145 0.03473087411421451
1 0.47628047131044793 0.5478258218007485 0.028396969154669664 0.033544612090975645
1 0.754589901291991 0.5191809305005516 0.027002590992986485 0.04341359264276813
1 0.6988560135695837 0.2989920639242006 0.024847228253968297 0.03744923986122709
1 0.6098779284385384 0.013399508519171412 0.017371450956072464 0.024468835217799214
1 0.8875688359025474 0.08931434223026391 0.016986761875230627 0.029425162068396703
2 0.030625 0.7316666666666667 0.06125 0.24333333333333335
2 0.083125 0.6458333333333334 0.07125 0.07166666666666667
2 0.33125 0.7416666666666667 0.0825 0.2633333333333333
1 0.01792834423034387 0.7376487369216335 0.016866606415651582 0.026925162068396655
1 0.3396011690291628 0.8414271298066871 0.021441865514950108 0.03139754078088108
0 0.326875 0.6208333333333333 0.02125 0.021666666666666667
2 0.5725 0.7475 0.0925 0.275
1 0.5685895638464389 0.7674965463604589 0.023557176434108554 0.03652856022908869