2 0.0225 0.09833333333333333 0.045 0.19666666666666666
2 0.1675 0.04 0.1325 0.08
2 0.790625 0.20416666666666666 0.18125 0.4083333333333333
2 0.301875 0.8208333333333333 0.16875 0.35833333333333334
0 0.3185674903758238 0.6765487598391635 0.045515593765063894 0.060469774159372304
1 0.3015576768975454 0.9533901191034403 0.051691325645628866 0.047616845469466776
1 0.009375 0.8983333333333333 0.01875 0.03666666666666667
1 0.12810903244626773 0.8766703000164959 0.030004283070981897 0.037798625056447384
1 0.1639831175955615 0.8575579369832873 0.02754798732844648 0.03845726579217058
2 0.953125 0.7616666666666667 0.09375 0.4766666666666667
1 0.7929822027448554 0.8504792534302476 0.027648536238870206 0.028500938941573017
1 0.9163694282896435 0.8368756429979483 0.025686127723940827 0.026703252826698835
1 0.9517059219538669 0.8161402864474756 0.026442240496334934 0.029246925976101467