2 0.1651379126687371 0.3255676930734408 0.07644838935304649 0.360797020195796
2 0.03125 0.2708333333333333 0.0625 0.3283333333333333
0 0.014509750205152869 0.12675110241860266 0.017192271543677008 0.03247513515959393
0 0.026065351786885883 0.13788773445216768 0.020597406326932344 0.041957532946695346
0 0.054041804745199255 0.05431523276576136 0.018595072334543515 0.03760142760776783
0 0.15606322491229604 0.1917291899474119 0.024078941505621003 0.053939930733796757
1 0.03363111780936954 0.34468069356700826 0.020266337946721506 0.03112419961336201
1 0.16412665694239081 0.39441862861967275 0.020891337946721364 0.03118734583744896
1 0.2367158185853637 0.16000134530280183 0.015687603558899355 0.024015509378086695
1 0.07059740632693234 0.06595703459202196 0.014386669961943994 0.02222255026324613
1 0.4821052367752941 0.29943893402445 0.01328947075281036 0.02709625781507223
2 0.786875 0.3 0.37625 0.6
1 0.76125 0.5491666666666667 0.1225 0.10166666666666667
2 0.4175 0.8091666666666667 0.145 0.38166666666666665
0 0.45589450041030566 0.66787825440118 0.06713921107213153 0.07656720730504238
2 0.515 0.8 0.05 0.4