2 0.495625 0.25 0.14625 0.5
1 0.541875 0.2925 0.05375 0.105
1 0.6918584685146522 0.16343503404672408 0.023409282132453624 0.04253957751382207
1 0.8011473496441929 0.10590687914233797 0.023925168276559106 0.037563825037354184
0 0.7802466344688161 0.26241914313457004 0.03727989348106561 0.0772154421746628
2 0.69 0.14 0.09 0.28
2 0.80125 0.11666666666666667 0.08 0.23333333333333334
2 0.985625 0.2608333333333333 0.02875 0.475
2 0.77125 0.36583333333333334 0.1225 0.2683333333333333
1 0.337841544946197 0.5586814166628989 0.023100126207419434 0.028372910847155406
1 0.4046619880182497 0.5585869316449646 0.026886497492717466 0.030185062655014767
1 0.5408938023756007 0.5541343048483008 0.026261497492717466 0.03016081513148265
0 0.6237040100291299 0.5192469244658452 0.020193353919208262 0.03825167322949501
0 0.699633356611378 0.5595978124047305 0.0197320247030499 0.0457274257059629
0 0.7802152971761483 0.5298274627259555 0.020302467775102712 0.04325167322949502
0 0.8864786734760115 0.5823235553451015 0.02080016827655925 0.03744258741969375
1 0.6231258270786506 0.7174347726579859 0.017954641066226813 0.021512263992232
2 0.619375 0.6766666666666666 0.07125 0.35333333333333333
2 0.6953281686463338 0.6996463074517948 0.07019252684055764 0.3549247523532097
2 0.7780100250728246 0.6881123010122246 0.06687898226413537 0.3747792672120171
2 0.71625 0.5575 0.0525 0.115
2 0.8225 0.6408333333333334 0.0425 0.2816666666666667
1 0.8181373245713681 0.6807271261728371 0.016941054420664726 0.032297102278501105
1 0.8814230648195693 0.8139902220117682 0.020175168276559248 0.03741833989616168
2 0.8797347305888461 0.7482781262960955 0.07570172483473157 0.37845206587479974