2 0.4275 0.13916666666666666 0.065 0.2783333333333333
1 0.438125 0.13333333333333333 0.04375 0.043333333333333335
2 0.1725 0.23 0.345 0.46
1 0.3446646470765826 0.07355799424138083 0.029273651947846417 0.04268052779116791
1 0.6181806422053185 0.05823769047500567 0.04170819545436572 0.03884597465689315
2 0.60375 0.1075 0.1425 0.215
2 0.1575 0.8708333333333333 0.0875 0.25833333333333336
2 0.15667197954332765 0.6788261246691772 0.09446969707592359 0.3974996117566017
1 0.16961610227018092 0.7615999658582829 0.022300467207625303 0.03453953201501918
0 0.1450605493493997 0.5071187061865501 0.02439365551922805 0.051381015711544555
0 0.1486061094129439 0.7779520395198833 0.030763659090609536 0.061130405811073846
1 0.8911356743477521 0.8187217779920197 0.02477864837646507 0.033105954721497334