2 0.074375 0.4675 0.12625 0.265
2 0.271875 0.49416666666666664 0.10875 0.21166666666666667
2 0.525625 0.255 0.02875 0.35
2 0.20754484207456564 0.21217979544674795 0.07364088340347053 0.3402986581726987
0 0.06107323442598645 0.40952441281624485 0.02588857557032128 0.05929583716365793
0 0.08634520358065614 0.3760133728463621 0.03398935286821718 0.07237827083835763
0 0.2733096588556652 0.450327980808183 0.036529404688076854 0.0734057487299242
0 0.20947380691029863 0.06840141789654783 0.023837539173126743 0.04253209821787451
1 0.20329095558508598 0.27477686772586457 0.019406658235511288 0.02807421471385794
2 0.310625 0.05333333333333334 0.07125 0.10666666666666667
2 0.14875 0.05 0.07 0.1
2 0.204375 0.060833333333333336 0.05875 0.12166666666666667
1 0.8663396841491313 0.23651161895574566 0.06189826465116283 0.05711093325804048
2 0.896875 0.22666666666666666 0.20625 0.4533333333333333
1 0.7973623281949052 0.03929383920676064 0.02948676187523077 0.030517459613457733
2 0.186875 0.8 0.37125 0.4
1 0.14381833559985072 0.9284260747790736 0.1189567365817647 0.11716691073294745
2 0.578125 0.6541666666666667 0.07625 0.10833333333333334