0 0.09875 0.36 0.035 0.04
2 0.050625 0.15416666666666667 0.08125 0.30833333333333335
0 0.050625 0.009166666666666667 0.02125 0.018333333333333333
1 0.04924980395844635 0.22083100822380156 0.0201024257059629 0.033784255843978976
0 0.10900377191843638 0.09645226363448633 0.022947952916295266 0.04967577272707303
2 0.11875 0.22666666666666666 0.07 0.30666666666666664
1 0.11952070979103688 0.3207498432881147 0.024677467775102713 0.04305274372272682
2 0.2375 0.22333333333333333 0.105 0.31333333333333335
0 0.23135828677724377 0.09263659090609518 0.026000210345698917 0.046415168830940656
1 0.21125 0.36583333333333334 0.0225 0.028333333333333332
0 0.10870799229326522 0.025648022076033356 0.02024791084715545 0.040450922510645644
2 0.154375 0.14666666666666667 0.05625 0.29333333333333333
1 0.14707714552612963 0.23810016666446984 0.018209240063313814 0.032907284848325086
0 0.2069784774344578 0.03459839307080851 0.024125210345698988 0.0463715311686201
0 0.24625 0.013333333333333334 0.02 0.02666666666666667
2 0.31875 0.12666666666666668 0.0625 0.25333333333333335
1 0.327904066402415 0.16568089913033607 0.02006605442066473 0.03211758917731231
0 0.7155763041433337 0.047825254972996924 0.028220737556031283 0.06229213982659445
2 0.3825 0.12583333333333332 0.065 0.25166666666666665
2 0.460625 0.1275 0.06375 0.255
2 0.501875 0.08416666666666667 0.04125 0.16833333333333333
1 0.4999446159934021 0.07112571125202753 0.01629786877801564 0.03119698051933786
1 0.5665679475319556 0.20427605843759267 0.01953198263391016 0.03626970995653873
1 0.714418284085074 0.2810131294319285 0.018779683135366553 0.030421830735765147
2 0.561875 0.16083333333333333 0.07375 0.32166666666666666
2 0.72125 0.19583333333333333 0.0875 0.36833333333333335
2 0.141875 0.8475 0.09875 0.305
2 0.068125 0.5733333333333334 0.06625 0.38666666666666666
2 0.21336456853992275 0.7647021069226009 0.0791406901025519 0.4491145935058601
2 0.315 0.7391666666666666 0.07 0.4583333333333333
2 0.120625 0.51 0.05375 0.26
2 0.165 0.525 0.065 0.29
2 0.2575 0.5266666666666666 0.0575 0.29333333333333333
1 0.2111106005799327 0.8904190731564128 0.02787521034569892 0.046458806493261215
1 0.33625 0.8616666666666667 0.0275 0.043333333333333335
1 0.2585999301658657 0.5475324445844821 0.022475126207419295 0.028009106060406262
1 0.15677948709381298 0.5476614649317326 0.019459240063313815 0.03293637662320539
1 0.11364298960109537 0.5175056779191336 0.022050168276559246 0.03716122683963287
1 0.0751935785690526 0.644878982681415 0.024677467775102713 0.04305274372272682
0 0.13388714283395983 0.7295359917718048 0.03947073755603128 0.06255396580051771
0 0.20546824201593417 0.5746148315979599 0.03125480934278599 0.05819820259712856
0 0.3229749301658657 0.5490306709908208 0.03202529448397854 0.06487941515123548
0 0.327279066402415 0.46000946319855585 0.02630936627073325 0.06058183549760723
0 0.071875 0.3933333333333333 0.02375 0.02666666666666667
0 0.201875 0.38666666666666666 0.02125 0.013333333333333334
2 0.035 0.5041666666666667 0.0575 0.24833333333333332
1 0.029067947531955626 0.5063753164480423 0.020800168276559176 0.037132135064752374
2 0.898125 0.655 0.20375 0.49
0 0.8958442794402838 0.4467610800803319 0.0607025519133822 0.062215192640150574
1 0.9266206256527574 0.7406617030238323 0.055375210345698915 0.04709882554062915
2 0.980625 0.6216666666666667 0.03875 0.35333333333333333
0 0.993125 0.4691666666666667 0.01375 0.041666666666666664
1 0.9843886009497075 0.6970290164432094 0.02901609648980468 0.04148789826814152
1 0.3849360490363251 0.6222752688296225 0.02561831185006845 0.028915168830940655
1 0.44997242032162327 0.625454707790068 0.02686831185006852 0.028944260605820962
1 0.5867201208230797 0.6228069238061344 0.02686831185006838 0.028944260605820962
1 0.7054519351804306 0.6247373090864355 0.02754786877801564 0.03145880649326121
1 0.7401064079700983 0.6097185454497523 0.027475126207419435 0.028125473159927878