2 0.025625 0.33166666666666667 0.05125 0.39666666666666667
2 0.275 0.17666666666666667 0.05 0.35333333333333333
2 0.15125 0.11083333333333334 0.1 0.22166666666666668
2 0.023125 0.06583333333333333 0.04625 0.13166666666666665
0 0.005 0.16916666666666666 0.01 0.065
1 0.1302203311687787 0.1116943106400736 0.02004786877801564 0.03143461084085194
1 0.2801390216411053 0.21795017649681417 0.023227425705962902 0.034031591083999994
2 0.67875 0.115 0.09 0.23
2 0.41875 0.06583333333333333 0.0825 0.13166666666666665
2 0.528125 0.085 0.07375 0.17
1 0.42179286339367605 0.020635192300592374 0.017511497492717538 0.02969035997966671
1 0.5321862593820241 0.0639075504570737 0.018834240063313815 0.03306248541025942
1 0.6750911528630897 0.1353573768001106 0.022013796991261075 0.035659465653407475
0 0.5550079645282707 0.33588385714407376 0.04413001968848498 0.1046328685915186
2 0.568125 0.4083333333333333 0.12625 0.24333333333333335
2 0.14875 0.6725 0.0825 0.285
2 0.20875 0.5966666666666667 0.0725 0.13333333333333333
2 0.285 0.6541666666666667 0.03 0.24833333333333332
1 0.14638421229831933 0.7106552851069629 0.021534282132453626 0.042306736271444455
1 0.295625 0.6858333333333333 0.00875 0.035
1 0.20619942533618818 0.5570296175287035 0.018100126207419437 0.028043089361629636
2 0.56375 0.765 0.5075 0.47
0 0.764375 0.9816666666666667 0.08875 0.03666666666666667
1 0.31125 0.665 0.0225 0.03