2 0.254375 0.46 0.11125 0.28
2 0.07875 0.42 0.085 0.36
2 0.17130756816537557 0.38392489739387037 0.08318352621631675 0.38388718568721564
2 0.03125 0.36916666666666664 0.0625 0.3616666666666667
2 0.1275 0.125 0.0675 0.25
1 0.026315003698782747 0.43564113428325185 0.02742733189368778 0.03968949948566509
1 0.08126560024363343 0.5213155377384012 0.024037798272425307 0.04686908492678735
1 0.17118645465485513 0.4466919095262686 0.024502590992986482 0.043589154019933476
1 0.13016476866002258 0.1807616853845189 0.01698676187523077 0.029668393995324324
0 0.12 0.006666666666666667 0.025 0.013333333333333334
0 0.01959660764857915 0.13916697183216295 0.025672487353267003 0.04202929220622622
0 0.09208821406423078 0.15891242854681753 0.02669800555186427 0.0504160279660392
0 0.2565749759394615 0.17330772856896537 0.025808471930601797 0.05780922311307994
0 0.25441673904761986 0.3634356389122655 0.028789093768918406 0.06802283281899842
2 0.879375 0.08583333333333333 0.14375 0.17166666666666666
1 0.8684871536064978 0.038758608273653156 0.04091279827242545 0.04831095044173755
1 0.451875 0.008333333333333333 0.02625 0.016666666666666666
1 0.520625 0.009166666666666667 0.02875 0.018333333333333333
1 0.6575 0.004166666666666667 0.0275 0.008333333333333333
1 0.775 0.014166666666666666 0.0275 0.028333333333333332
2 0.179375 0.81 0.12125 0.38
2 0.065 0.79 0.115 0.38
1 0.05389871066814475 0.8856011729395838 0.02629748735326693 0.042082694632705774
1 0.17388935903285513 0.966555057374184 0.030712539173126673 0.04328984495139669
0 0.16548039296419453 0.6610210331093876 0.034999041949058805 0.06772352375046163
2 0.4475 0.8175 0.115 0.365
0 0.4264109364562579 0.6697083553389924 0.03284367921004076 0.061729983137689334
2 0.43625 0.6758333333333333 0.0925 0.15166666666666667
2 0.596875 0.7958333333333333 0.10875 0.39166666666666666
1 0.6022975959246968 0.8429499074689292 0.029702850092285047 0.04818304009843739
2 0.491875 0.6458333333333334 0.07875 0.09166666666666666
2 0.641875 0.6583333333333333 0.08875 0.11666666666666667
1 0.644375 0.6116666666666667 0.02375 0.023333333333333334