2 0.043125 0.07333333333333333 0.06625 0.14666666666666667
2 0.131875 0.10583333333333333 0.07375 0.21166666666666667
2 0.339375 0.03833333333333333 0.15125 0.07666666666666666
1 0.048603025234475086 0.058376494736497954 0.02011410605873877 0.03612558058990392
1 0.142202360007431 0.11612073824410146 0.019687869046152003 0.028625580589903922
2 0.77 0.18416666666666667 0.085 0.36833333333333335
2 0.666875 0.1175 0.08375 0.235
2 0.59875 0.18333333333333332 0.0875 0.36666666666666664
2 0.8725 0.16583333333333333 0.105 0.33166666666666667
2 0.965 0.13583333333333333 0.07 0.27166666666666667
0 0.585 0.0125 0.0275 0.025
0 0.7575 0.0175 0.025 0.035
1 0.5923373289733859 0.2890432108098074 0.020019386722608487 0.03445891392323726
1 0.6731402290535828 0.132659600774534 0.02016146572680398 0.036958913923237253
1 0.713840561667105 0.0983536416901616 0.02112730771841285 0.03203654017081684
1 0.782299293620473 0.2655385413872546 0.027178544730999617 0.03988585828492508
1 0.8687473185155823 0.19744945156152474 0.02261410605873877 0.0362808330850631
1 0.9241534307132568 0.11289005834437153 0.020445623735195113 0.04195891392323726
1 0.9749212478097564 0.16744026093634745 0.023570623735195112 0.04215297954218613
1 0.543878597020018 0.1206162911514411 0.018295790041956295 0.026047954342324337
2 0.71 0.0975 0.07 0.195
2 0.344375 0.5366666666666666 0.17125 0.25666666666666665
1 0.3175159671458868 0.5658604111424378 0.03905354473099962 0.04062330763693088
0 0.41593444946943037 0.5538946042503173 0.028466580083912733 0.05159133807538145
1 0.06586770307875668 0.5413468475345641 0.024498430373891152 0.02560275224688894
1 0.09814022905358293 0.5242897519737052 0.026079948050347496 0.03151371182780186
2 0.86625 0.7016666666666667 0.2675 0.5866666666666667
1 0.8274443249938838 0.7827464176472909 0.09261484415104264 0.09543383733057074