2 0.315 0.21 0.34 0.42
1 0.34875 0.3775 0.105 0.085
2 0.908125 0.21 0.11125 0.42
2 0.715 0.08083333333333333 0.0975 0.16166666666666665
0 0.9125 0.013333333333333334 0.0325 0.02666666666666667
1 0.705625 0.015833333333333335 0.02125 0.03166666666666667
1 0.8944055551726976 0.3427319441914174 0.029813370884855885 0.049861341241998695
0 0.125625 0.9941666666666666 0.03875 0.011666666666666667
0 0.14183028833971575 0.9263934915066413 0.033375018527490995 0.06253111989851713
0 0.318460439538887 0.8892344296050037 0.03664556774170279 0.06686756522170223
0 0.4794090942945942 0.8169918962915003 0.03542467758454507 0.06763298709242822
0 0.3641471057090132 0.818244041731624 0.03434933664159928 0.0725650756298209
0 0.239375 0.9666666666666667 0.04125 0.06666666666666667
0 0.17344856211825202 0.5231775853164775 0.02370892009906754 0.05368845059562868
0 0.2966043952033152 0.49313228625402755 0.02128083308506291 0.037753250068384245
0 0.31742971761877015 0.5602219816455969 0.022938370884855886 0.04948782819765834
2 0.4625 0.8891666666666667 0.0975 0.22166666666666668
2 0.876875 0.8191666666666667 0.19125 0.3616666666666667
0 0.8857995664195988 0.6758926630354458 0.051732897270229755 0.07018250277299036
1 0.900625 0.99 0.05875 0.02
1 0.596875 0.8583333333333333 0.01375 0.03666666666666667
1 0.6612840942945942 0.8649094018751001 0.0309897346566396 0.029963208435909792
1 0.9785238289512338 0.8537576685814265 0.027297954342324432 0.03142614071475426