2 0.656875 0.33166666666666667 0.11625 0.45666666666666667
1 0.6505766313548333 0.4804766532909634 0.02947978174358653 0.04666736342440743
2 0.695625 0.2025 0.09625 0.405
0 0.7104404570890686 0.044062832014222786 0.02807837842423865 0.05494250861185189
2 0.543125 0.07916666666666666 0.08125 0.15833333333333333
1 0.5379117460513078 0.061248314689704084 0.025161465726803982 0.03655098713262968
2 0.630625 0.05333333333333334 0.08625 0.10666666666666667
1 0.62625 0.015833333333333335 0.0225 0.03166666666666667
2 0.84 0.04583333333333333 0.08 0.09166666666666666
1 0.11876274389187387 0.6359753764934076 0.03453646572680398 0.03684192786207405
1 0.251736340572526 0.631754005469556 0.031174667386477922 0.03257828095225932
1 0.2934506129380258 0.6138480819638152 0.029148264067130045 0.04083403009107409
2 0.559375 0.8483333333333334 0.19125 0.30333333333333334
0 0.5852524946014153 0.7237857132714818 0.04679034307132568 0.043877119452703825
1 0.52375 0.9891666666666666 0.045 0.021666666666666667