2 0.075625 0.35583333333333333 0.11875 0.105
2 0.1446747139344606 0.1829633130964577 0.07731565660017709 0.34548128907536124
2 0.213125 0.21666666666666667 0.08875 0.38333333333333336
2 0.3325 0.255 0.0825 0.30666666666666664
2 0.060625 0.09416666666666666 0.05875 0.18833333333333332
2 0.099375 0.13333333333333333 0.05375 0.26666666666666666
1 0.3245302719540253 0.37690718032254156 0.02277888839608707 0.03714697161895628
1 0.20328585295553694 0.29267441506257247 0.023476692605424603 0.038876784509709904
1 0.1325516466415307 0.28803889174074754 0.020424496814761994 0.04022772005594182
1 0.09525098338852903 0.150348468945415 0.019471877872743376 0.032664573831854775
0 0.09250349931471892 0.34258345162886417 0.03067314732681176 0.061174913417245874
0 0.0754100866867065 0.3458785035785166 0.022584549431480524 0.06118734583744905
0 0.14847227804215257 0.03854406153344319 0.024356507338105758 0.04477326406713009
0 0.22179161700675912 0.07022512886645643 0.0299389410128056 0.05861176719315893
0 0.290625 0.4 0.03375 0.016666666666666666
0 0.33814524231925375 0.1514527243337298 0.0271841262801243 0.05252584896347779
2 0.0425 0.4525 0.0675 0.08833333333333333
2 0.1725 0.5675 0.09 0.31833333333333336
1 0.17358323401351824 0.5974342625864278 0.025424496814761995 0.04073288984863742
2 0.330625 0.555 0.09125 0.29333333333333333
1 0.3161801118862616 0.5808719758967442 0.022263094710093297 0.03958382539486915
2 0.195625 0.43833333333333335 0.07125 0.06
1 0.880625 0.975 0.08875 0.05
2 0.86125 0.7041666666666667 0.2775 0.5916666666666667
1 0.680625 0.565 0.02125 0.03666666666666667