1 0.19561040369176197 0.37971489274552617 0.06912134059717545 0.07074204466459454
2 0.20375 0.29 0.245 0.58
0 0.15875 0.011666666666666667 0.075 0.023333333333333334
1 0.029911717937424386 0.11857782387415067 0.024073353268728965 0.03139727245643238
1 0.34138452229572974 0.17779032015009696 0.028492057526193548 0.03250229765629437
1 0.39812412645235384 0.14310542045300395 0.02974205752619355 0.03257992390387396
0 0.8066253324856086 0.18516469015355028 0.05843949594421645 0.08087674176971177
1 0.7971926142850033 0.5517126197925533 0.06324725544788151 0.05376487300760971
2 0.833125 0.355 0.20375 0.45
1 0.5924117179374244 0.3055915109986311 0.025104831981405482 0.027308232037345306
1 0.6595052392247479 0.3139111819108053 0.028942240496334933 0.029207777446750734
1 0.9619178307098184 0.3310300671583973 0.026442240496334934 0.02905252495159156
1 0.4921926142850033 0.6817126197925533 0.06324725544788151 0.05376487300760971
2 0.4975 0.74 0.1425 0.32
2 0.90375 0.6691666666666667 0.1425 0.17833333333333334
1 0.9128053474371554 0.6296191322808058 0.041647621388164 0.04577856013209015