0 0.010625 0.12666666666666668 0.02125 0.03333333333333333
2 0.025 0.2575 0.05 0.3016666666666667
2 0.635625 0.15083333333333335 0.09625 0.3016666666666667
2 0.4025 0.07166666666666667 0.0725 0.14333333333333334
2 0.525 0.08333333333333333 0.075 0.16666666666666666
2 0.716875 0.0375 0.07625 0.075
2 0.45625 0.04083333333333333 0.0625 0.08166666666666667
0 0.348763502415896 0.07215827977934741 0.029770262910713184 0.05790726187141795
1 0.40008997829529513 0.04971587621474176 0.018558604000775886 0.027761811203054473
1 0.5222328501739184 0.053648654148124614 0.02058665890993737 0.03029090133672715
1 0.609375 0.009166666666666667 0.01625 0.018333333333333333
1 0.6263530681097387 0.17857960950565285 0.020420823637421676 0.037781204625502864
2 0.045 0.8191666666666667 0.09 0.3616666666666667
0 0.02821518459602137 0.6760260998939159 0.034081464244305124 0.06713210880543007
1 0.006875 0.9625 0.01375 0.041666666666666664
2 0.124375 0.8083333333333333 0.09125 0.38333333333333336
0 0.13510286180901251 0.6435637190749107 0.02873711648628266 0.05123089849352709
1 0.1196444191340699 0.9368582655633471 0.02817591515269072 0.04206423182686043
0 0.04126319296480666 0.4934970097602432 0.02608406157712121 0.048692111648630125
0 0.04007730108230403 0.6250570126034433 0.03525498836490595 0.04550422898366037
2 0.0468118202357706 0.5558515590918797 0.08008884364130096 0.17607633494589037
2 0.09123835429063995 0.7583024917038074 0.08436129128337783 0.37845027769997536
0 0.10295988678002609 0.5974400682368014 0.032487116486282656 0.05128907876087245
1 0.08921050568220473 0.8424206748143529 0.02567591515269072 0.04202544498196346
0 0.11446477199456893 0.5115097677912257 0.024527951758798353 0.04367271822618164
2 0.15704145417469434 0.5707922111606322 0.07531827127949853 0.240940580988751
0 0.16196466884420585 0.46997827124974717 0.026096841940475457 0.038701808359854324
2 0.20875 0.7933333333333333 0.11 0.41333333333333333
0 0.21903137429451927 0.6189504198599781 0.03325239103208986 0.06378907876087245
1 0.20327960216460805 0.9272352696371904 0.026351933455744502 0.04286847502652108
0 0.21900571041744774 0.5581752667939902 0.027806006667959765 0.0462212017823028
0 0.21289588181289182 0.5049873841290204 0.022703970061852204 0.04447696142584225
2 0.286875 0.8066666666666666 0.08625 0.38666666666666666
0 0.3073987885967972 0.6442207601103547 0.027219244607659333 0.05703514169318766
1 0.27224635258981444 0.8920310548695303 0.027078970061852205 0.04454483840441185
0 0.28136533272127734 0.5289013524719058 0.02269118969849785 0.05446726471461801
0 0.2996432844800757 0.4853256013579666 0.02758915309239029 0.052878171737745276
2 0.27361055065709766 0.6555680191385725 0.08497371722074981 0.3068611847231025
2 0.315 0.655 0.03 0.3566666666666667
2 0.8533938002318913 0.7673566562274968 0.15823878546583076 0.40207509620198684
1 0.8038403908967475 0.8322311828135328 0.04739786024352924 0.03986482987481168
1 0.4917355506570976 0.7388334754933362 0.025331567394668183 0.026201808359854417
1 0.5576284225357209 0.7436389574369004 0.029081567394668183 0.02625998862719977
1 0.6910723127173981 0.7465638612349136 0.029030549091614403 0.025426655293866438