2 0.23375 0.1625 0.135 0.325
1 0.2217513835579382 0.18657947071768868 0.0422266926054246 0.03855820834746965
0 0.8269680465285912 0.32052395284204466 0.0489073536408182 0.06298678078532438
2 0.818125 0.355 0.16125 0.15
2 0.105 0.715 0.21 0.57
0 0.14625 0.9775 0.0725 0.045
2 0.7243168571084047 0.7786853021499107 0.1252703912989763 0.3975344109350603
0 0.7521494738328152 0.6146456233109338 0.04872534311747415 0.058820114118657806
1 0.7191595034675866 0.8394022329182717 0.04296089891943069 0.04108730898871272
1 0.46625 0.7383333333333333 0.0125 0.03
1 0.5222111160391293 0.7458942604125623 0.02870126945406838 0.028780428214697434
1 0.6558519097251232 0.7546217976385907 0.026164867349399684 0.027830692316391605
1 0.8280181265624731 0.7559578073137829 0.02745126945406838 0.028722226932211187