0 0.678125 0.1525 0.03625 0.08833333333333333
0 0.664375 0.1275 0.00875 0.07833333333333334
2 0.695625 0.18416666666666667 0.07125 0.19166666666666668
2 0.7025 0.14 0.085 0.28
2 0.11543416035011234 0.6011519826355992 0.08670240182232007 0.4020541781576401
2 0.21159402991712029 0.7398967067169386 0.12351634283512566 0.46055699916668097
2 0.3372850866867065 0.647646051124586 0.10258221655500123 0.40910091497993145
2 0.41980857713099257 0.5386645324298176 0.07332875131027038 0.3810834553664737
2 0.5528965918072041 0.4637115133183897 0.08885070921689532 0.3656787283283234
2 0.04626524453686194 0.5623340655321758 0.06679369869355184 0.3598132967771155
0 0.21430511188626156 0.5486265481275804 0.03427137468750544 0.07159347364458256
0 0.3503361160391294 0.4780828763806108 0.029131930489461836 0.05375372066767435
0 0.3379817244578043 0.47377882025611107 0.02482973469879937 0.055080634357432816
0 0.4255780191114279 0.3635189240111426 0.02255431154744315 0.04576835927209118
0 0.5590059811709209 0.3094963105121647 0.023142909442774452 0.0449835620783162
1 0.569389661317742 0.5168342641718059 0.02046706314006201 0.026504620326307987
1 0.4054767266754125 0.6370546208635511 0.024799496814761995 0.04012917049699107
1 0.3321036593824826 0.7375489788454693 0.0253516926054246 0.03851103996988286
1 0.16563582997358992 0.8157629158936396 0.025976692605424602 0.03855957610944112
1 0.10609614567390097 0.6857151573795743 0.023476692605424603 0.03836543155120788
0 0.0125 0.42833333333333334 0.025 0.06
0 0.038885612853891374 0.41543293712855944 0.025272724175455608 0.0509625038303245
0 0.05630664442392245 0.404243412896634 0.022366136803468065 0.05571982313253292
0 0.09104508225149005 0.312455017068325 0.022299496814761996 0.03993502593875784
0 0.20032320437874668 0.35187924710348095 0.02409552838479314 0.05253209821787455
0 0.21530529493597222 0.39652305620488887 0.027924496814761994 0.04037185119478276
0 0.221913734981148 0.460584431631597 0.028100343117474294 0.05865664838855783
0 0.2547771728087156 0.368650427384613 0.024356507338105758 0.04424730102409948
0 0.2829626485767902 0.34073748138562077 0.02648632207078691 0.050226242776107786
0 0.32690698754139674 0.36839875010048645 0.02711132207078691 0.05027477891566605
1 0.6921506402710547 0.6551925893072471 0.0302424862914183 0.036399329086349325
1 0.7627028360617172 0.6623438397440039 0.0353880947100933 0.040120951536149224