2 0.03125 0.2966666666666667 0.0625 0.43
0 0.01742282464988712 0.11829863331209386 0.03315755632728383 0.07297513884998769
1 0.011875 0.39 0.02375 0.03666666666666667
2 0.19952036393930128 0.3295700701463711 0.10677923953527965 0.42809208321662956
0 0.20011117700725195 0.13363976970079533 0.024376723242220778 0.03619211164863013
1 0.19489362216958953 0.42621734339058925 0.02705138229927485 0.041230898493527096
2 0.133125 0.13583333333333333 0.08375 0.27166666666666667
1 0.13641767345071584 0.16683676524503832 0.02366439371369381 0.03368241493740584
2 0.056875 0.03916666666666667 0.06375 0.07833333333333334
0 0.02205808999324745 0.14671923704644532 0.026601041356328778 0.0462212017823028
0 0.575 0.68 0.03 0.06
2 0.958125 0.395 0.08375 0.5533333333333333
1 0.985 0.47583333333333333 0.03 0.055
1 0.6501591498770674 0.28426713677061544 0.025335624813797322 0.02787817173774518
1 0.7137636006628557 0.28942286798215433 0.026643844499482015 0.029564231826860427
1 0.8423680514486439 0.2955870571610138 0.024027405128112633 0.026192111648630126
2 0.08875 0.845 0.07 0.27
1 0.08942968056378803 0.8694781290897443 0.019202064185166706 0.031114537958836196
2 0.113125 0.7816666666666666 0.04625 0.14333333333333334
2 0.205 0.8008333333333333 0.0675 0.18166666666666667
1 0.20036291877696372 0.8086653568427616 0.018518844499482014 0.029438174580945334
2 0.27 0.7991666666666667 0.0625 0.17833333333333334
1 0.27047935814833307 0.806418055166543 0.018518844499482014 0.02943817458094524
2 0.34875 0.8433333333333334 0.065 0.26666666666666666
2 0.325 0.79 0.0575 0.16
2 0.415 0.775 0.06 0.13
1 0.3455923510352609 0.8759537806916815 0.02104795434232443 0.03031029475917554
1 0.41745710421939164 0.787853752259681 0.01718151497095505 0.02691878115849685
1 0.59375 0.7341666666666666 0.0075 0.028333333333333332
1 0.7030341313495763 0.7296943758964329 0.02530651497095505 0.02704483840441185
1 0.73625 0.7175 0.025 0.015
2 0.951875 0.7675 0.09625 0.115
1 0.9391968018210493 0.7358597327391946 0.0309897346566396 0.028798775472096735