2 0.3425 0.135 0.275 0.27
1 0.3668214300927774 0.10841130821984715 0.07504468624602793 0.07588308138460813
2 0.615625 0.23583333333333334 0.12125 0.06833333333333333
0 0.614375 0.23833333333333334 0.04125 0.06333333333333334
2 0.433125 0.6808333333333333 0.09375 0.4583333333333333
0 0.466875 0.4825 0.02625 0.055
1 0.05677935668827743 0.6611322541108023 0.02928824034947226 0.03150244415558177
1 0.18121254483416632 0.6606935523780652 0.02500052256830557 0.0364006229435004
1 0.21967212667302746 0.6424141848452495 0.02428824034947212 0.031386077056060155
2 0.826875 0.7125 0.34625 0.575
0 0.7711138509886942 0.49151379999384875 0.09388249103316668 0.1171382454537067
2 0.6589016563083052 0.6873161489125905 0.12031071344897243 0.3784806848474464
0 0.672450610639222 0.5200634289990737 0.040233275151861106 0.050083057575398014
1 0.6499911163388051 0.7321270523758682 0.04123597553183331 0.03594548268361185