2 0.015 0.10666666666666667 0.03 0.21333333333333335
1 0.0025 0.12666666666666668 0.005 0.03
2 0.06375 0.10333333333333333 0.0625 0.20666666666666667
1 0.06755955534962838 0.1206240015420733 0.018263891832632027 0.03011742714316957
2 0.046875 0.025 0.05625 0.05
2 0.14875 0.145 0.065 0.29
2 0.11875 0.09083333333333334 0.055 0.18166666666666667
0 0.14375 0.006666666666666667 0.0225 0.013333333333333334
2 0.208125 0.0725 0.05875 0.145
1 0.14876789574794513 0.18631162366650653 0.02080754279449664 0.03191991673505091
1 0.21699209284538745 0.09080795936252452 0.01759524087076727 0.028416804745199233
2 0.164375 0.0325 0.05625 0.065
2 0.8775 0.38416666666666666 0.245 0.4716666666666667
0 0.984375 0.2275 0.03125 0.125
1 0.6283373602098427 0.4603721322590148 0.026301589908902655 0.02722551831678402
1 0.7500595818433162 0.4479174313214647 0.02440476442797028 0.026290317789539587
1 0.7833294212628047 0.4277504884977329 0.02569841538983496 0.02802489591881378
2 0.196875 0.9475 0.12125 0.105
0 0.189879030409001 0.9385045670373126 0.03511111876484321 0.07763298709242804
2 0.140625 0.745 0.08375 0.25
1 0.13948218903185594 0.7826839578204512 0.020894844718226013 0.03525325006838424
0 0.19864289044920758 0.6517883846900836 0.023787703375008178 0.05038907299359892
2 0.21024608086448793 0.8080475825811063 0.07250995680090724 0.3617628621950045
1 0.21020442126280467 0.8781494497750172 0.02548809952754944 0.04382427352084335
2 0.329375 0.81 0.10625 0.38
0 0.321875 0.64 0.02625 0.04
1 0.3039921246378129 0.9222906682087401 0.022878972122887687 0.03952178392896182
2 0.245 0.7341666666666666 0.0575 0.22833333333333333
1 0.23797822220770576 0.7915195746724408 0.018351193756361395 0.0334507604765029
2 0.41375 0.7066666666666667 0.07 0.17333333333333334
1 0.4203234524809979 0.7040026339378566 0.020226193756361397 0.033552627670414004
2 0.48375 0.71 0.0525 0.18
1 0.48972027796193024 0.7010668810964819 0.020160717313564332 0.031052627670413908
2 0.46125 0.665 0.055 0.09
2 0.03125 0.9333333333333333 0.0625 0.13333333333333333
0 0.005 0.9075 0.01 0.07166666666666667