2 0.209375 0.305 0.38125 0.61
1 0.08293381425833396 0.5128034823687783 0.1071039502097814 0.12810336778074088
1 0.09823393941261202 0.023248894729519045 0.027083825394869337 0.03744250861185189
2 0.529375 0.31666666666666665 0.25875 0.5866666666666667
1 0.5968489704466572 0.27867839483033396 0.028532588382282426 0.03000069675774076
1 0.7313660494508528 0.2803485452857045 0.02839050937808679 0.02750069675774076
1 0.8590554881231136 0.2809720058728158 0.024735228714217215 0.029050987132629682
1 0.9067356024802221 0.2682600428533714 0.02589050937808679 0.0274231125632222
1 0.19971409492220352 0.9419708457931858 0.09406360713845573 0.08527363495403734
2 0.27625 0.805 0.2475 0.39
1 0.7261098643879182 0.8828651543033711 0.051695623735195255 0.042365621175074086
2 0.7075 0.805 0.19 0.39
1 0.4255810599086564 0.761675027759556 0.02992466738647792 0.032539488854999944
1 0.4590756129380258 0.7451836222882967 0.02781286904615186 0.028314634042444407