2 0.49625 0.12916666666666668 0.1875 0.25833333333333336
1 0.495 0.018333333333333333 0.08 0.03666666666666667
2 0.685625 0.21666666666666667 0.07125 0.24666666666666667
2 0.624375 0.24416666666666667 0.06875 0.19166666666666668
0 0.6253452885577309 0.1750886191502589 0.02219723337849125 0.04064006960477779
0 0.7770777752155825 0.30105354427755504 0.02650406603337359 0.0549231125632222
0 0.6827718059705855 0.12752903748888844 0.02637304658516598 0.05158977922988887
0 0.6371990275896199 0.048208595948666305 0.019402439620024126 0.033062485410259274
1 0.7607498407962946 0.03355424103529581 0.014634381275401438 0.02292671306985189
2 0.764375 0.060833333333333336 0.05625 0.12166666666666667
2 0.0925 0.6358333333333334 0.185 0.5916666666666667
0 0.10625 0.35583333333333333 0.0575 0.03166666666666667
1 0.09093314925489458 0.7459032531927033 0.0642661049297888 0.0627535421476667
2 0.20622880642324704 0.5442337994950737 0.11421826775153875 0.3489560971627037
0 0.20209192673053722 0.395377469606481 0.0381497819990102 0.04945830415385198
1 0.17038249525192534 0.5986145194544069 0.03890845906823173 0.03699709625111117
1 0.8636774482140979 0.4565405357665181 0.026640400723608907 0.026628571327148146
1 0.9272636739038385 0.4587288054729625 0.02604815558566088 0.027442508611851886