2 0.074375 0.42833333333333334 0.09875 0.42333333333333334
2 0.031875 0.11 0.06375 0.22
1 0.055813167082454526 0.5014548638553454 0.02497261339937836 0.036844373303216195
0 0.8593886006628556 0.15429461683225373 0.03734248072769816 0.05193322662149086
1 0.7949741513666888 0.37454473886539424 0.03866439371369381 0.036245501706832405
2 0.8570700600513375 0.3098852694677955 0.17349155053631563 0.3808071211998214
1 0.3975768974377473 0.3846289264307103 0.02979795434232434 0.03223266241968266
1 0.46814367775206267 0.38081100932728684 0.030801382299274812 0.043114531892574255
1 0.6153097761804861 0.3610716831977485 0.0317602838708514 0.034878270838357824
1 0.7474758746089095 0.3424972244176098 0.02610617402800898 0.03360811224899938
1 0.7818371813085987 0.3223762728814605 0.026818503556536085 0.03615664838855783
1 0.005625 0.6841666666666667 0.01125 0.025
2 0.015625 0.6925 0.03125 0.105
2 0.7025 0.8508333333333333 0.595 0.29833333333333334
0 0.7195752297779997 0.7949091487248281 0.1306746961120362 0.13647096685744722