2 0.13625 0.22833333333333333 0.11 0.18333333333333332
2 0.023125 0.16 0.04625 0.32
2 0.186875 0.12416666666666666 0.07375 0.24833333333333332
2 0.288125 0.10333333333333333 0.07375 0.20666666666666667
2 0.033125 0.035 0.06625 0.07
0 0.12861891316043433 0.17295595611619888 0.028739369515944448 0.0663954365567406
1 0.0025 0.2916666666666667 0.005 0.043333333333333335
1 0.03375 0.005 0.0175 0.01
1 0.18093035685116463 0.11411302801056943 0.021375704206179763 0.03733303102735799
1 0.2817899561275556 0.07639581788163141 0.024039478516439203 0.04179132657244442
1 0.238125 0.008333333333333333 0.02125 0.016666666666666666
2 0.62 0.16 0.095 0.32
2 0.488125 0.15416666666666667 0.03625 0.30833333333333335
0 0.615 0.005 0.025 0.01
1 0.6182966797819431 0.24041289128439625 0.020289478516439346 0.04135388325481472
2 0.50125 0.09166666666666666 0.0625 0.18333333333333332
2 0.4525 0.505 0.035 0.37
2 0.245 0.4575 0.075 0.275
2 0.16875 0.37916666666666665 0.06 0.11833333333333333
2 0.30125 0.765 0.075 0.47
2 0.351875 0.7925 0.09625 0.415
2 0.42375 0.4583333333333333 0.0675 0.27666666666666667
0 0.113125 0.3333333333333333 0.02125 0.02666666666666667
0 0.3001769950239709 0.554275462393581 0.027459272274906396 0.049655862670469064
1 0.23232732202545547 0.48935781323249444 0.018810194482076027 0.035374735482271644
1 0.42436343871470117 0.48704820403338384 0.025750704206179763 0.037843381564592465
1 0.466875 0.5658333333333333 0.00625 0.045
1 0.3020342550867589 0.8571086445739267 0.024926517412854565 0.04853090045871606
1 0.34 0.98 0.03 0.04
1 0.3596848086833071 0.3430681493429145 0.018482645861557075 0.02704140214893821
0 0.4075007960185272 0.8088081766881492 0.039525486205190107 0.0875619520704197
0 0.34134819719479764 0.62732812199768 0.04025140841235966 0.0743744331762961
2 0.411875 0.8766666666666667 0.11625 0.24666666666666667
2 0.06375 0.905 0.1225 0.19
0 0.048947325190838595 0.8556569207413829 0.04887038896415206 0.07206180091743211
2 0.356875 0.37416666666666665 0.05875 0.10833333333333334
2 0.7841855128894869 0.5750600661004952 0.08562938444078441 0.37414475636829614
2 0.54625 0.86 0.1025 0.28
2 0.76875 0.9158333333333334 0.1175 0.16833333333333333
2 0.6171086684751478 0.6213387748408898 0.07290275802743508 0.3510928525291357
2 0.484375 0.7375 0.02875 0.37833333333333335
2 0.485 0.4816666666666667 0.03 0.27
2 0.5704788982355944 0.5372027063269638 0.05606848575252855 0.30267641259195044
2 0.686875 0.4241666666666667 0.06875 0.20833333333333334
0 0.5303106720931923 0.7612228027894821 0.03410233061952923 0.06038493486651835
0 0.7525548118486901 0.888496904806174 0.03692722161903433 0.08477032319199983
0 0.7700336182719372 0.422674526622026 0.02640580144721781 0.054510048231259184
0 0.6031205481678574 0.4731199020290873 0.023774781999010203 0.05088508601950612
0 0.5667829140657573 0.41122355855442055 0.019926517412854564 0.047947642701876514
0 0.62375 0.3408333333333333 0.015 0.041666666666666664
0 0.6352788480323838 0.3488183760723961 0.01722998824054315 0.04265601382345674
1 0.7768386567156909 0.6437265816141742 0.019369684757972152 0.033780976035209846
1 0.610288547715196 0.6874323831349638 0.019369684757972152 0.033780976035209846
1 0.5761561198546288 0.6177444107818774 0.017265400723609048 0.027728921043061707
1 0.6902629023063005 0.4378399840647913 0.017857645861556932 0.026968494929333293
1 0.635219516960193 0.5070474482684455 0.01746192989592032 0.03272892104306171
1 0.4725 0.5516666666666666 0.005 0.02666666666666667
1 0.5578390425144598 0.39133801907595145 0.012562852103089881 0.018885237172493796