2 0.236875 0.0675 0.08625 0.135
1 0.2663453457806544 0.06518517674521875 0.018506829545304696 0.02944787129216953
2 0.445625 0.195 0.05125 0.39
2 0.50875 0.0425 0.0675 0.085
0 0.42625 0.04083333333333333 0.0125 0.07166666666666667
0 0.43125 0.013333333333333334 0.0225 0.02666666666666667
2 0.514375 0.695 0.18875 0.61
1 0.6731207415606498 0.5303626367070103 0.028485010714144464 0.027936352005090724
1 0.7405989227294896 0.5309820585614594 0.027267738960884885 0.030416958582642147
1 0.8776157451320313 0.5180251454700181 0.028605014285525955 0.037103018671757394
2 0.96625 0.4925 0.0675 0.205
1 0.99375 0.535 0.0125 0.03333333333333333