1 0.2325797286304166 0.01781839996034023 0.025390400723608906 0.02715760685417668
1 0.26875 0.006666666666666667 0.0275 0.013333333333333334
2 0.928125 0.1975 0.14375 0.395
0 0.944375 0.018333333333333333 0.03875 0.03666666666666667
1 0.9407808688385759 0.2619554017759506 0.04216447851643935 0.04137378920140558
1 0.6184340126647798 0.21211238205386185 0.030685194482076027 0.03492925270460622
1 0.7442882966991432 0.19945394672848976 0.0294351944820761 0.03486134124199869
2 0.32850749525192535 0.6554953053298926 0.1707772130249606 0.4732851984380968
1 0.33875006739135805 0.7281155683058487 0.0506497819990102 0.05098188037502003
1 0.033638514700132946 0.668189077171894 0.026902439620024126 0.03389218498345069
1 0.07001687652732666 0.6470869338209179 0.028152439620024127 0.03396009644605802