2 0.4575 0.29 0.2225 0.58
1 0.4779947357177693 0.4384096037700301 0.09432503571381488 0.09672607063091429
2 0.069375 0.17083333333333334 0.13875 0.3416666666666667
1 0.029308448379101258 0.21806023243544304 0.03987683311668626 0.04047254440546491
1 0.7303962266251827 0.26481313208462703 0.026697286038785534 0.035592807381421114
2 0.261875 0.7191666666666666 0.24125 0.2783333333333333
1 0.297461593834126 0.6833431473548837 0.06017138733734995 0.06405912780718248
2 0.963125 0.7208333333333333 0.07375 0.2816666666666667
1 0.9496684590932457 0.7211996454025047 0.04551274253226637 0.041611479320531164
1 0.6328307701317017 0.6055828448356004 0.024088191882984233 0.02712365112287292
1 0.6990044042226409 0.6150154856871234 0.027838191882984233 0.027327385510695117
1 0.8326998571447402 0.6264486788527766 0.027827282467404048 0.026494052177361692