2 0.20074767860463055 0.3505386649038615 0.12980082601351783 0.4603767664730331
2 0.00625 0.3641666666666667 0.0125 0.4483333333333333
2 0.4205213074076306 0.3592988190822756 0.11461326933114747 0.466073105044955
0 0.20484757606000067 0.15524871530358525 0.031351144467518424 0.05091325723720729
0 0.4245741739864821 0.1457531623962456 0.028499546541036976 0.05488585828492499
1 0.1627249567195566 0.4367236140075973 0.02819497949107401 0.04075800474204812
1 0.39828819359037154 0.5084084148914048 0.027460618661666557 0.03905252495159175
1 0.07279975163029678 0.05223737524204192 0.029663701149888838 0.04416896432296104
2 0.45875 0.17166666666666666 0.0975 0.3433333333333333
2 0.868125 0.15916666666666668 0.24375 0.31833333333333336
1 0.837707390348371 0.11924392236442562 0.06110890737044428 0.05857080738866065
1 0.16285896663463093 0.8436184405878072 0.10231952603211085 0.09847722106362766
2 0.3 0.7875 0.41 0.375
0 0.68 0.96 0.08 0.08