2 0.833125 0.395 0.13125 0.29
2 0.56375 0.43416666666666665 0.1325 0.21166666666666667
2 0.689375 0.39416666666666667 0.11625 0.2916666666666667
2 0.86 0.145 0.085 0.29
2 0.933125 0.17583333333333334 0.09875 0.3516666666666667
2 0.760625 0.0675 0.06375 0.135
2 0.806875 0.105 0.06125 0.21
1 0.9308561866166661 0.22040202803375233 0.024280938246962903 0.03768518911017594
1 0.8597702278607773 0.22621950113546835 0.021265299076370356 0.03920635257062704
1 0.8078963615081848 0.09489411204791054 0.020148175344037043 0.031677251929383865
0 0.6709573310841845 0.28182006466377385 0.03366358778514808 0.05723016411300326
0 0.8260978568900365 0.28629887294338907 0.03257762902925918 0.05967196283051701
0 0.8096056197929623 0.2929179235902868 0.023882309443962982 0.06009788718644662
0 0.924375 0.011666666666666667 0.03125 0.023333333333333334
0 0.6873025264846292 0.1105396364490764 0.029069866126333253 0.053693126290968014
2 0.460625 0.6666666666666666 0.05875 0.25333333333333335
1 0.4825 0.6591666666666667 0.015 0.04833333333333333
1 0.06577090804922178 0.6025793011580864 0.026562216588148148 0.034468258341815196
1 0.13745835136685144 0.6059284947230371 0.030312216588148148 0.03464286218927384
1 0.27949739261096257 0.6018226491608482 0.028952855758740695 0.032917994240121026
1 0.4008955679549996 0.627097760016745 0.02843721658814786 0.034555560265544426
2 0.653125 0.8508333333333333 0.11875 0.29833333333333334
2 0.53125 0.7175 0.0825 0.355
2 0.5 0.7741666666666667 0.02 0.38166666666666665
0 0.6335749082754809 0.7485025562371407 0.03075730944396298 0.060417994240120926
0 0.508125 0.5633333333333334 0.03125 0.04666666666666667