2 0.025 0.24916666666666668 0.05 0.42833333333333334
2 0.11506988811373844 0.1993043658806199 0.08156295762427647 0.38624120469012896
1 0.0025 0.305 0.005 0.03666666666666667
1 0.09835840597518782 0.2480117646694391 0.02215388839608707 0.03724480533436785
0 0.0075 0.06666666666666667 0.015 0.05333333333333334
0 0.09522282719128441 0.01809682955798318 0.021383279977412142 0.033843447596962714
0 0.106875 0.014166666666666666 0.02625 0.028333333333333332
2 0.204375 0.08 0.09125 0.16
1 0.666026921619029 0.5344222739337513 0.028367486291418303 0.037091716041752154
1 0.7392247258283665 0.5281300853240228 0.032117486291418376 0.0374998624661824
1 0.8882357047816791 0.5035389194175408 0.032117486291418376 0.0374998624661824
2 0.218125 0.855 0.15625 0.29
1 0.236875 0.9841666666666666 0.05125 0.03166666666666667
1 0.0125 0.8475 0.025 0.03166666666666667
2 0.686875 0.855 0.07375 0.29