2 0.2375 0.3475 0.1225 0.045
0 0.23 0.35 0.0425 0.04
2 0.890625 0.185 0.21875 0.37
1 0.9329789997368191 0.3108544145911562 0.07910820020168131 0.08357411126163736
2 0.564375 0.5841666666666666 0.07125 0.42833333333333334
0 0.58125 0.37666666666666665 0.0375 0.013333333333333334
1 0.595 0.63 0.01 0.05
1 0.3247369009075656 0.47651314518202353 0.02622371920901145 0.025080259309434704
1 0.38696153496728314 0.48750345363954106 0.025235944753799516 0.029992913010629632
1 0.5164676477396771 0.49904379556586564 0.027561127723940898 0.02683427227490635
2 0.64625 0.7841666666666667 0.0925 0.43166666666666664
0 0.61 0.6041666666666666 0.02 0.045
1 0.6125 0.9091666666666667 0.025 0.051666666666666666
2 0.894710620116577 0.7694403974051737 0.11993371565743104 0.30396008261688995
0 0.8836925729819436 0.6424680186926893 0.03584780435830538 0.04235835006773679
1 0.8601956500196706 0.8118636815904242 0.03228576178365841 0.033806650987390864