2 0.1475 0.29583333333333334 0.1175 0.42833333333333334
0 0.14353858784088913 0.1327051833505999 0.03241376291777783 0.06860732285615616
1 0.14599964984622274 0.45289924896954875 0.025741898860083268 0.04405252495159175
2 0.935625 0.175 0.09625 0.35
2 0.663125 0.14416666666666667 0.08125 0.28833333333333333
2 0.491875 0.06416666666666666 0.08375 0.12833333333333333
2 0.4475 0.14 0.035 0.28
1 0.4325 0.16333333333333333 0.005 0.03666666666666667
1 0.6571587096492503 0.1512189198817231 0.024477351823611146 0.04314156537067864
1 0.3165181174761669 0.5699859670290203 0.02877961664124996 0.039246590570540626
2 0.8025 0.6408333333333334 0.25 0.26166666666666666
1 0.843125 0.5433333333333333 0.07375 0.06666666666666667