2 0.074375 0.4816666666666667 0.11625 0.25666666666666665
0 0.08308613510520367 0.38865594991178587 0.03870899012919907 0.06610214335097604
2 0.1270354361535611 0.3172821607103803 0.10135601356958368 0.4227475784028112
1 0.11488942504983264 0.414356296152691 0.027002590992986485 0.043024895918813776
2 0.21093629179771042 0.2188031161681468 0.08874425169435299 0.3938030419060116
0 0.2157816039497964 0.05313956149133181 0.03139342011074206 0.05656196363996912
1 0.19919079889257923 0.30754391827712424 0.02637759099298641 0.04299094018751001
2 0.34125 0.41083333333333333 0.1175 0.3983333333333333
1 0.3391788019785883 0.572558097441057 0.031113057371724012 0.050728630306635596
2 0.271875 0.135 0.08375 0.27
1 0.26373991918789147 0.15775332433051945 0.02242733189368778 0.03862053913302134
2 0.140625 0.058333333333333334 0.07125 0.11666666666666667
2 0.108125 0.08666666666666667 0.06375 0.17333333333333334
1 0.10538947933554751 0.09321452540483804 0.020977072794389144 0.03438596100374724
1 0.7413032356589142 0.05523783864339606 0.02706686551495011 0.031392184983450686
2 0.0325 0.7266666666666667 0.065 0.23333333333333334
1 0.005625 0.7383333333333333 0.01125 0.043333333333333335
2 0.92 0.8808333333333334 0.16 0.23833333333333334
0 0.9471452819269095 0.7979641854313755 0.047683471930601795 0.05827814598719802
1 0.6325 0.9933333333333333 0.0275 0.013333333333333334
1 0.673125 0.9841666666666666 0.02625 0.03166666666666667