2 0.204375 0.135 0.34625 0.27
1 0.2138056750061161 0.13785748996822253 0.10083456348717305 0.09463426210700011
2 0.695 0.135 0.1375 0.27
1 0.6913522965818774 0.13506654923877817 0.02957450107971695 0.048334030091073905
1 0.11493741127835186 0.4685120783174446 0.026610228714217143 0.029109175278518553
1 0.17984269194222144 0.4721959340415929 0.028485228714217145 0.029167363424407428
1 0.31767420961867787 0.47062973140677816 0.027907588382282425 0.02998130070911126
1 0.43709656928674306 0.47350104336170423 0.02862730771841285 0.03166736342440743
1 0.4729964029799821 0.45875388875163026 0.02843786904615186 0.028334030091074092
2 0.7882525880429165 0.574725781456334 0.1281775263141921 0.3891306616003705
0 0.8180653636475671 0.4136991843944452 0.04879809776036893 0.057249244883296344
1 0.7823426919422215 0.6346481972618155 0.04285090439906483 0.040427409827592554
1 0.5272680974210033 0.5399127743652226 0.026562869046152 0.02827584194518522
1 0.5895312990806773 0.5460190458948523 0.02839050937808679 0.02750069675774076
1 0.7206392200764816 0.5525922161070747 0.02589050937808679 0.0274231125632222
1 0.8903930974210033 0.5511818786190379 0.02781286904615172 0.028314634042444407