2 0.07625 0.05583333333333333 0.0925 0.11166666666666666
2 0.154375 0.0425 0.10625 0.085
2 0.2225 0.05333333333333334 0.105 0.10666666666666667
1 0.00875 0.009166666666666667 0.0175 0.018333333333333333
2 0.656875 0.2 0.19375 0.4
1 0.6429864790103657 0.3093238462682994 0.06320137272903623 0.06618724676003013
2 0.12630204980668489 0.7247143986790986 0.08793277879787098 0.3582808577883844
2 0.20554965877459494 0.7828855865483898 0.08447610825283959 0.37300916592185596
2 0.466875 0.5375 0.13125 0.275
2 0.010625 0.5866666666666667 0.02125 0.3233333333333333
2 0.18125 0.49083333333333334 0.0675 0.18166666666666667
0 0.13746238096247906 0.5729312926410626 0.023686098183228806 0.0512808330850631
0 0.21118702653649676 0.6297851319577952 0.0300253544259823 0.06329681786583781
0 0.23806161393504438 0.4654038442821375 0.023953970061852202 0.04548631287551956
0 0.1327427237533673 0.4669632622026121 0.022959061577121246 0.04957535329460664
1 0.11223336592573396 0.801963262202612 0.020267768728260194 0.03612558058990392
1 0.18695291998448269 0.8629061419384318 0.02136471381909871 0.03370320683748351
1 0.23392944083877482 0.65493808679666 0.02376267721299115 0.03219179266597602
1 0.18340606484343 0.4937029598042697 0.01818869551604493 0.03267580788520121
1 0.26 0.41 0.0175 0.02
0 0.22875 0.4141666666666667 0.0225 0.028333333333333332
2 0.72875 0.7 0.3375 0.6
1 0.6519919831270872 0.9151071252295851 0.12371145260921111 0.11892472081535743
1 0.9413913060494383 0.42892205260924243 0.03318869551604493 0.03360732285615616