2 0.3015269938288536 0.35531542514671477 0.09069787824476322 0.39748828908587636
2 0.17625 0.17 0.075 0.34
2 0.08565882337415837 0.3592561938300734 0.08335061006288512 0.4082800691172838
2 0.290625 0.12416666666666666 0.07375 0.24833333333333332
2 0.200625 0.085 0.05625 0.17
2 0.095625 0.12916666666666668 0.06125 0.25833333333333336
2 0.029375 0.17083333333333334 0.05875 0.3416666666666667
2 0.024375 0.4975 0.04875 0.225
1 0.17105330616719208 0.20862987124143112 0.017322286038785537 0.036135161595999915
1 0.022409237011061192 0.24703837908918463 0.021642738960884884 0.032478845466567825
1 0.07575384480244729 0.4130167710967894 0.021675467207625303 0.03497884546656792
1 0.29733429058178357 0.416398834056542 0.02231137662320549 0.03588508601950612
1 0.09922510714144486 0.15615178153980172 0.018485010714144465 0.02961430936854318
1 0.005625 0.035 0.01125 0.02666666666666667
0 0.004375 0.425 0.00875 0.06333333333333334
0 0.049375 0.5858333333333333 0.04125 0.04833333333333333
0 0.08396011785558936 0.18182910104967825 0.02584002499967049 0.06708295545086419
0 0.0175 0.0175 0.02 0.035
0 0.174375 0.0175 0.02375 0.035
0 0.2922846506479641 0.17368011239772718 0.023801383765968468 0.05436423379204939
2 0.755 0.3433333333333333 0.09 0.5333333333333333
1 0.68875 0.8375 0.0425 0.06833333333333333
2 0.6125 0.7941666666666667 0.195 0.36833333333333335
0 0.985625 0.9891666666666666 0.02875 0.021666666666666667