0 0.4414295508713508 0.5848409942286986 0.0439572153843379 0.07813998294079966
0 0.4256950044688644 0.44452100275829876 0.03492981025622527 0.052180592361551134
0 0.4399142084387833 0.359695543560335 0.030700359470436922 0.05627938204964835
0 0.31130114144189136 0.5327949881603846 0.0370976319268695 0.09635695573944228
0 0.29875 0.6391666666666667 0.0525 0.021666666666666667
0 0.468125 0.006666666666666667 0.02125 0.013333333333333334
0 0.104375 0.03833333333333333 0.05875 0.07666666666666666
2 0.546875 0.12666666666666668 0.06875 0.25333333333333335
1 0.5417584679911754 0.16938232964140415 0.018518844499482014 0.029438174580945334
2 0.611875 0.125 0.06375 0.25
1 0.6124707975197025 0.16797805800974297 0.018518844499482014 0.02943817458094524
2 0.603125 0.0475 0.05875 0.095
2 0.6926009301913827 0.18339560042433622 0.0665411910658787 0.31336300729895705
2 0.6675 0.11583333333333333 0.0575 0.23166666666666666
0 0.6967208345746846 0.047552570379778655 0.022022272456432433 0.04031999147039983
2 0.75875 0.10083333333333333 0.06 0.20166666666666666
1 0.6888337904066304 0.23753317695733017 0.021077064185166704 0.03114362809250887
1 0.7619776534336035 0.14861920861444475 0.017806514970955048 0.026928477869721044
2 0.719375 0.059166666666666666 0.05875 0.11833333333333333
1 0.7271283723744772 0.03635134585187539 0.017152405128112634 0.02608544782516352
2 0.885 0.7966666666666666 0.16 0.29333333333333333
1 0.8614005336659636 0.784483383577304 0.05106337088485589 0.04909937352004817