2 0.031875 0.10333333333333333 0.06375 0.20666666666666667
1 0.045255984678019556 0.0984096037700301 0.02093849568009091 0.036919916735050906
2 0.4225 0.305 0.1175 0.41
2 0.345625 0.22916666666666666 0.03125 0.4583333333333333
2 0.95 0.285 0.1 0.45
1 0.4140635751611542 0.4596745475887608 0.03111309952754951 0.04412987510257646
0 0.4119325904831348 0.1400141049017977 0.03491468943645202 0.07013298709242805
1 0.961888966014958 0.430354968738025 0.030509925008481674 0.044929252704606217
2 0.2621647053326647 0.6903125797704968 0.07496630583904249 0.3602320184535525
2 0.043125 0.5683333333333334 0.04875 0.11666666666666667
2 0.12125 0.6575 0.0725 0.295
0 0.1225 0.5183333333333333 0.02 0.016666666666666666
0 0.2536508029025576 0.5558742672534007 0.02385317981780531 0.05288907299359896
1 0.041085326459760624 0.541829318610151 0.014513891832632027 0.029913692755347512
1 0.12986907360809383 0.7147466756694806 0.020138891832631886 0.030219294337080572
1 0.2608512202500492 0.7593094677806451 0.021410717313564333 0.03112053913302134
2 0.6525 0.7725 0.3525 0.455
0 0.5761627245699584 0.6061925929516058 0.08219048704027215 0.11181237787556673
1 0.34876988710812656 0.7885610609066385 0.026992066351699647 0.029759474048087594