2 0.476875 0.2941666666666667 0.16625 0.15166666666666667
0 0.49688901394314056 0.2549857101918772 0.045253368220275834 0.057125659476879115
2 0.7640842488710827 0.1983022781083732 0.13368371565743103 0.30952327903622784
0 0.7919904364012105 0.08092142396586192 0.03890281930985196 0.06637739103208977
2 0.396875 0.49833333333333335 0.17375 0.25666666666666665
1 0.3616139391854068 0.5220774262336293 0.04017910010084051 0.04331615531504354
0 0.46316986898765977 0.505224139440672 0.02891595970534638 0.05369035830434692
1 0.10813044780117685 0.5090660741656425 0.025061127723940826 0.027584927354726573
1 0.14271082869300605 0.48955942301243455 0.02661705752619369 0.033554309496203416
2 0.80625 0.6791666666666667 0.26 0.6183333333333333
0 0.8025 0.38666666666666666 0.0725 0.03333333333333333
1 0.8378510899724614 0.7632170756860116 0.07269652356731669 0.07088404218529794
1 0.5783006905775051 0.5578076914572239 0.025729831981405483 0.028486285092131615
1 0.6437071692901816 0.5548317956963565 0.02697983198140548 0.02862233390027522