2 0.375 0.3308333333333333 0.21 0.49833333333333335
1 0.40089838409423434 0.5176924111605755 0.05700274967502935 0.05837270401018145
1 0.03547891915810809 0.305314381582833 0.025392738960884884 0.03038786844896947
1 0.07194710746971075 0.2892101241671722 0.025425467207625303 0.03288786844896947
2 0.5975 0.3358333333333333 0.0925 0.48833333333333334
2 0.605625 0.056666666666666664 0.07625 0.11333333333333333
0 0.5975425425349026 0.1282392853808463 0.031421387337349956 0.06130847218332103
1 0.6052216759759004 0.019169585826422 0.019724101298564348 0.026967264714618012
1 0.5855587727314667 0.4706229248461555 0.026214108441327398 0.04539756516019376
2 0.184375 0.8233333333333334 0.07375 0.35333333333333333
2 0.2425 0.6641666666666667 0.0675 0.16833333333333333
0 0.18651673311800437 0.6775537380436808 0.023209112012708887 0.05451574827073917
1 0.18119435779468135 0.9408579812433413 0.023001833116686327 0.03868241493740584
1 0.2438967295466229 0.6876125021429773 0.017235010714144464 0.027761811203054473
2 0.946875 0.7083333333333334 0.10625 0.25666666666666665
1 0.9585821003269479 0.7007554042435322 0.045545470779006794 0.042364829874811674
1 0.6016244077940223 0.6060325220453777 0.02790364837646507 0.03125998862719977
1 0.7434884983784422 0.6090670088266128 0.027267738960884885 0.030416958582642147
1 0.8618566688331374 0.6400760506258846 0.02477864837646507 0.031211505071078515