2 0.429375 0.1675 0.16125 0.335
1 0.490625 0.08583333333333333 0.03875 0.06833333333333333
1 0.535664319331613 0.2941853575569487 0.024666804745199188 0.032584927354726574
2 0.8916713213087794 0.2429794716401217 0.1374437213682691 0.35964228735989906
0 0.8911025442439089 0.0985236668726957 0.050481742296487365 0.061972570184263415
1 0.847643313400114 0.2976051311170009 0.03862053913302134 0.04074813091097174
2 0.47 0.6625 0.08 0.305
2 0.416875 0.6 0.11125 0.18
1 0.38568553238091086 0.5588637888930545 0.04302100593149902 0.0420576350728074
1 0.03827147586369811 0.5327227641024973 0.025840404349766005 0.030220976162870082
1 0.10569507546826486 0.527876128462748 0.027064937551288182 0.029523691637680257
1 0.24375 0.5191666666666667 0.025 0.018333333333333333
1 0.3591532707230655 0.5301901960055448 0.02529180474519933 0.03265295175879838
2 0.920625 0.7866666666666666 0.15875 0.4266666666666667
0 0.9506048782362977 0.6424524544258374 0.0708754142355977 0.097414660043821