2 0.2 0.25083333333333335 0.2575 0.5016666666666667
1 0.25765395867109503 0.3076541831804415 0.07715440468807686 0.07140541993141065
2 0.954375 0.09416666666666666 0.09125 0.18833333333333332
1 0.9357118099963077 0.056708785836161346 0.04555233189368778 0.03783937340563891
2 0.036875 0.9141666666666667 0.07375 0.17166666666666666
2 0.13125 0.8791666666666667 0.095 0.24166666666666667
2 0.206875 0.8325 0.06875 0.335
2 0.3299963966703575 0.76203417027351 0.0826954688445926 0.3296854231581436
0 0.019525126467330338 0.8604967379588788 0.031753886489479584 0.06272301680941988
0 0.14496473843484614 0.7872754686364926 0.02661790191214479 0.046855746135522715
0 0.1332098938944254 0.7846833529978191 0.022988057371724012 0.04932665698646796
0 0.2139615268364706 0.678603317503757 0.020712539173126744 0.040978779078607204
0 0.33618020604651133 0.6203626554153342 0.02125743553340726 0.03931696060344971
1 0.3446284947582127 0.8088317381109231 0.019246450956072466 0.023473930887098125
1 0.1944059290586924 0.9293784725389808 0.022932176434108557 0.03516483851131037
0 0.00875 0.6808333333333333 0.0175 0.045
0 0.021173728564045292 0.7221246190934726 0.025432176434108555 0.03518423127734688
0 0.027160152993724013 0.7796924937746004 0.02623321283130309 0.05185089794401354
0 0.05753549043927606 0.6940627844846505 0.02246738371354752 0.038493323653134626
0 0.0832322004946471 0.6667518639535065 0.024622746452565708 0.044341201560995296
0 0.1234408531782941 0.6887385112597758 0.024622746452565708 0.044341201560995296
2 0.460625 0.9158333333333334 0.06125 0.16833333333333333
0 0.44988463479512675 0.8625943380636212 0.02403779827242545 0.045169686702819546