0 0.19199541130981537 0.3486561661837505 0.026460505296925875 0.05191005705932886
0 0.04772920531551897 0.2733968802345539 0.02846838156459256 0.04452645962430135
1 0.22075306084800048 0.33076992773178127 0.021562216588148147 0.03423545321187021
2 0.04 0.30416666666666664 0.08 0.15166666666666667
1 0.10654918480659298 0.23684927127976826 0.02003881451462959 0.0300105852627172
0 0.23113412327981508 0.12479109119223229 0.02471838156459256 0.04435185577684261
2 0.22 0.23833333333333334 0.08 0.2833333333333333
1 0.7925045345896303 0.2576191283617153 0.029304453685222144 0.028780428214697434
1 0.859895173760223 0.2624286642826393 0.02987477327051849 0.027976195522607175
1 0.991875 0.2608333333333333 0.01625 0.03166666666666667
2 0.3454496274454452 0.6625635822261376 0.16489488776655492 0.42390214107348717
0 0.3686199578508523 0.4814207271018472 0.04292922695574077 0.056000007064983495
1 0.317871998416186 0.7197910911922323 0.047569979491074006 0.04126191283617155
1 0.02512154495722296 0.6526640539096586 0.028952855758740695 0.032917994240121026
1 0.1516996274454452 0.6535423834407694 0.02639817534403704 0.031968258341815194
1 0.19080887491011184 0.6403175225566 0.023679453685222143 0.02851852244350918
1 0.9425121841278156 0.5623678078532444 0.0328668970028518 0.03559259808757967
1 0.996875 0.5675 0.00625 0.03833333333333333