2 0.526875 0.20916666666666667 0.14625 0.41833333333333333
1 0.583125 0.23666666666666666 0.03375 0.05
1 0.1086693781654456 0.19387646968043043 0.02911473465663967 0.03095558878121513
1 0.23810259785113025 0.1801474279535082 0.02709418544242794 0.026614105084689563
1 0.2754142454937654 0.16420935969961895 0.02729795434232429 0.032447438418022896
2 0.791875 0.255 0.26875 0.49
1 0.8256248147250896 0.46205328299802734 0.06536645789886038 0.07005217333857881
1 0.603125 0.2825 0.00625 0.03833333333333333
2 0.285625 0.75 0.57125 0.5
1 0.026313204137436586 0.6650541145555705 0.03545206418516671 0.03403831221407756
1 0.06504951083712576 0.6439995016151088 0.03173117402800898 0.03452201148769329