2 0.0275 0.31166666666666665 0.055 0.37
0 0.01937324850414683 0.15439093933131584 0.02351771680458171 0.04715607670159159
1 0.009375 0.4075 0.01875 0.03833333333333333
2 0.404375 0.36666666666666664 0.23125 0.5266666666666666
0 0.3733709525143281 0.16104734920555927 0.09131589067472688 0.08761615644317411
1 0.5738059908975289 0.3448693160870208 0.03026181120305438 0.03279707247774041
2 0.1625 0.815 0.185 0.37
2 0.328125 0.8541666666666666 0.07875 0.2916666666666667
2 0.440625 0.7483333333333333 0.06375 0.23666666666666666
2 0.601875 0.7016666666666667 0.05375 0.14333333333333334
2 0.690625 0.7408333333333333 0.05875 0.22166666666666668
2 0.910625 0.69 0.14125 0.12
0 0.3201791860916747 0.7395041027169693 0.02796544213876338 0.05589731643792864
1 0.30625 0.9933333333333333 0.025 0.013333333333333334
1 0.4333769114258564 0.7417180635184488 0.019651356269890813 0.033473109308540645
1 0.6027959845003288 0.680784929539072 0.01906271893698161 0.0375815036319211
1 0.6953537268937109 0.7544675086887245 0.018997266136217945 0.03008150363192101