1 0.850625 0.4166666666666667 0.05875 0.02666666666666667
2 0.5975 0.29083333333333333 0.145 0.2783333333333333
1 0.355625 0.3295615985734588 0.024375 0.034772621388164
1 0.39125 0.31788312214077563 0.02875 0.036013861124501244
2 0.0875 0.7841666666666667 0.175 0.43166666666666664
0 0.071875 0.6198411505238736 0.069375 0.07646823010477467
2 0.52625 0.8825 0.0825 0.235
2 0.373125 0.9108333333333334 0.08875 0.17833333333333334
2 0.280625 0.8441666666666666 0.04125 0.31166666666666665
2 0.649375 0.8341666666666666 0.07375 0.33166666666666667
2 0.743125 0.8341666666666666 0.08125 0.33166666666666667
2 0.804375 0.7918269562267204 0.064375 0.4093353846918179
2 0.33875 0.6625807271451244 0.06125 0.3715440229753866
2 0.514375 0.638955255608563 0.0575 0.3220277222490025
2 0.580625 0.6409654573302399 0.0575 0.34119438891566917
2 0.4525 0.7431862936232234 0.063125 0.3967188400052455
0 0.269375 0.5875 0.01875 0.03833333333333333
0 0.265625 0.7208333333333333 0.01125 0.051666666666666666
0 0.37 0.857161010976104 0.02875 0.05518052779116791
0 0.336875 0.5074059101152656 0.02375 0.05804768237821122
0 0.40875 0.48077389625985206 0.023125 0.052156076701591586
0 0.443125 0.573145541807263 0.025625 0.054889166074736595
0 0.514375 0.5131219222752298 0.026875 0.05083904409464244
0 0.575625 0.49299927858394976 0.02125 0.03781459300506621
0 0.52125 0.802096251384712 0.024375 0.05810595472149733
0 0.648125 0.7064255370718225 0.030625 0.05368867815435995
0 0.743125 0.6961162665846671 0.025625 0.04572249940806993
0 0.685625 0.5140885443356646 0.020625 0.04442298732844658
0 0.651875 0.5726085044648733 0.02125 0.04864792633839945
0 0.805 0.6160518952366734 0.029375 0.05773880013445421
0 0.704375 0.45 0.02125 0.04
1 0.6575 0.9833333333333333 0.0225 0.03333333333333333
1 0.816875 0.871325736425779 0.024375 0.04643928805483066
1 0.581875 0.6977486686834791 0.02375 0.04554768237821122
1 0.5125 0.7346137719120376 0.020625 0.04275632066177991
1 0.44625 0.8234369035236943 0.023125 0.049656076701591584
1 0.3375 0.7582975157918852 0.0225 0.03209780435830529
1 0.743125 0.608616266584667 0.0175 0.02829829227868193
1 0.92125 0.5777238844212508 0.01625 0.02901508092544276
0 0.411875 0.7093985913096166 0.026875 0.07333904409464254
0 0.77375 0.4889716114056938 0.025625 0.041555832741403266