2 0.123125 0.43666666666666665 0.10375 0.24666666666666667
2 0.208125 0.39 0.09375 0.34
2 0.329375 0.1375 0.02125 0.275
2 0.183125 0.135 0.06625 0.27
2 0.245 0.0725 0.07 0.145
1 0.010625 0.08666666666666667 0.02125 0.043333333333333335
1 0.18053240810735552 0.17110133825590557 0.02309761339937836 0.03533938489284841
1 0.196875 0.5541666666666667 0.02875 0.011666666666666667
1 0.336875 0.2125 0.00625 0.03166666666666667
1 0.23605983176295922 0.083620147846403 0.01843151497095505 0.02693817458094524
0 0.13133714425361667 0.36342738128582036 0.03446577601296852 0.07466119893910275
0 0.21605121555185547 0.2630001421600029 0.027095908684648718 0.06038786844896947
2 0.31125 0.06166666666666667 0.0575 0.12333333333333334
2 0.6342806848651348 0.20576989857842828 0.09631175880758136 0.3787896625928236
2 0.52125 0.10166666666666667 0.08 0.20333333333333334
2 0.42329095020849516 0.23736132688310532 0.08919018676453178 0.389506635391466
2 0.635 0.049166666666666664 0.0775 0.09833333333333333
2 0.44625 0.06833333333333333 0.0675 0.13666666666666666
2 0.375625 0.1125 0.07125 0.225
2 0.36 0.42 0.04 0.28
1 0.5137344908200133 0.08020924082327573 0.017414393713693813 0.03358544782516352
1 0.36684235103526097 0.13662554449396544 0.021643844499482014 0.029486658137066492
1 0.4113988104237428 0.29168314092935976 0.02173117402800905 0.03198665813706649
1 0.6271847761804861 0.2658474722682222 0.022385283870851397 0.032829688181624114
1 0.4464982026478151 0.037942545724608485 0.01843151497095498 0.02693817458094524
0 0.3773199859413734 0.48044312955655966 0.04074488585581086 0.0755914993846784
0 0.42991257783401776 0.06568496350521442 0.026558238213175683 0.06287817173774528
0 0.6335478617048692 0.030043229068561553 0.024275700413382992 0.051182414937405836
2 0.390625 0.5008333333333334 0.10125 0.11833333333333333
1 0.3325 0.58 0.015 0.04
1 0.39506320413743656 0.8301921827286316 0.02863528387085136 0.03292665529386644
1 0.5589159502084952 0.8068280077657722 0.029710624813797323 0.027946048716315015
1 0.5213714238231213 0.826566780394669 0.024768844499482013 0.029535141693187748