2 0.069375 0.375 0.12375 0.25
2 0.08327827110697925 0.23310788992608802 0.12910494073045697 0.4559099832847835
0 0.07104658071916291 0.03879573811822885 0.03225693048946198 0.05283054779620746
0 0.0645461805497537 0.2756410549828622 0.03538193048946184 0.05295178541386785
2 0.43625 0.3616666666666667 0.0925 0.27666666666666667
2 0.633125 0.4025 0.11375 0.195
2 0.9018239365775892 0.19463297883241612 0.09421473026358285 0.37136427377484543
2 0.52125 0.14166666666666666 0.0775 0.2833333333333333
2 0.95375 0.07833333333333334 0.0925 0.15666666666666668
0 0.39375 0.29583333333333334 0.0075 0.06166666666666667
0 0.4082189617771443 0.26449861676753383 0.03573978731551783 0.07542753789033574
0 0.6167802038140493 0.36826089029586284 0.03893759152485529 0.0772154421746628
1 0.523923513426233 0.1708208079523631 0.020612671558737077 0.02908500656282835
1 0.9119023217884381 0.26823303492460243 0.02340388839608693 0.03584866332362329
0 0.8959391240625162 0.031348140546146985 0.02516351786144952 0.047563825037354186
0 0.2914666629706531 0.6854688172419435 0.06566698310618051 0.07492475235320967
2 0.2975 0.82 0.185 0.36
1 0.19720586706705098 0.8415407184297438 0.03131047576807461 0.031163881129540792
2 0.6697613450527338 0.7908693029994273 0.07752790500755793 0.3607338381630109
0 0.53125 0.9758333333333333 0.0275 0.04833333333333333
0 0.5557189617771443 0.9511652834342006 0.03573978731551783 0.07542753789033574
0 0.6579905535843483 0.6356753228111706 0.025642909442774454 0.04425473922755302
1 0.671423513426233 0.8574874746190297 0.020612671558737077 0.02908500656282835
2 0.76 0.5941666666666666 0.0725 0.18833333333333332
2 0.585625 0.58 0.07125 0.16
2 0.6494046546649176 0.5962419333856508 0.06142467986447258 0.19206103950022818
0 0.6467473010240995 0.5354086000523175 0.021158703128768223 0.041585006562828326