2 0.3 0.345 0.38 0.43
0 0.39571497829529517 0.18982268707448668 0.12408136109394206 0.10841146000371632
1 0.05855994495549623 0.42149586875137324 0.03239786024352924 0.0393993798591049
1 0.1856900364707653 0.41634501920835326 0.03558665890993723 0.03026180234149289
1 0.22426142083489545 0.3985541277178056 0.03193869551604493 0.0318993798591049
2 0.510625 0.1475 0.04125 0.295
2 0.613125 0.1375 0.09875 0.275
2 0.725625 0.06333333333333334 0.08625 0.12666666666666668
1 0.5905624391379493 0.1923911173618514 0.01938767721299115 0.030969082695589047
1 0.7358043376884116 0.013848756187388601 0.0176785124855067 0.0234593863125707
2 0.425625 0.78 0.12875 0.44
2 0.7025 0.8233333333333334 0.1425 0.35333333333333333
2 0.540625 0.6166666666666667 0.10125 0.11333333333333333
0 0.7113154490722178 0.7086262949842056 0.048328866911489 0.08533452521412982