1 0.06375 0.5925 0.0625 0.035
0 0.081875 0.23285358795269928 0.061875 0.07502828406573049
2 0.103125 0.3983333333333333 0.20625 0.42333333333333334
2 0.769375 0.14833333333333334 0.14125 0.2966666666666667
1 0.721875 0.14837281220593979 0.0475 0.04424730224574603
1 0.455 0.03637371493927039 0.029375 0.029095919371272694
1 0.596875 0.04824833261187138 0.029375 0.028262586037939363
0 0.038125 0.6911600922677629 0.02 0.046086583401717625
0 0.151875 0.7565067020316986 0.02125 0.039487828197658295
0 0.318125 0.8363722598918095 0.029375 0.0690959193712727
2 0.03875 0.8291666666666667 0.0625 0.3416666666666667
2 0.085625 0.7920740611801755 0.038125 0.3387379662761909
1 0.081875 0.8535369934590202 0.0175 0.034284093809836234
1 0.15125 0.99 0.02 0.02
2 0.148125 0.865 0.07125 0.27
2 0.320625 0.8975 0.08625 0.205
2 0.950625 0.8375 0.09875 0.325
1 0.961875 0.995 0.04875 0.01
1 0.7425 0.8575706730332588 0.025625 0.02805885165011735
1 0.811875 0.8671730925413 0.02625 0.030592807381421117