2 0.335 0.07333333333333333 0.1625 0.14666666666666667
1 0.335625 0.014166666666666666 0.05125 0.028333333333333332
2 0.881875 0.2683333333333333 0.17875 0.4033333333333333
1 0.8887640181677114 0.36373267089525996 0.052027951758798284 0.04563228399154014
1 0.6538147270196759 0.2516903863642584 0.027308604000775887 0.028693126290968016
1 0.7892866721105146 0.2478755472145007 0.026007585697722106 0.027801591675148528
1 0.5871438002318912 0.25147082164393925 0.027257585697722107 0.02785979295763468
2 0.18922411124846378 0.8409443196297374 0.13776714982608154 0.2856164237599228
0 0.21825445403935206 0.7332300298783182 0.040127391032089864 0.0650211705254344
2 0.758125 0.6475 0.14625 0.355
1 0.73748835429064 0.6811162683302875 0.04474480533436804 0.038645510271199064
1 0.534006019868537 0.6149734485309141 0.02881369551604493 0.032917994240121026
2 0.860625 0.57 0.10125 0.2
1 0.8777305622921916 0.6197432278980436 0.025382585697722105 0.027772491033905358
1 0.9139804591418286 0.5773384599375815 0.02948971381909871 0.033780428214697435