0 0.6225735269494942 0.049507519645623006 0.06171594155801358 0.08851336870185823
2 0.598125 0.17 0.18375 0.34
1 0.03656844123633828 0.31933198355112513 0.026083195454365722 0.037189499485665085
2 0.22625 0.7625 0.0875 0.475
2 0.075 0.8041666666666667 0.0925 0.39166666666666666
2 0.350019304223959 0.6382293884483802 0.07909245032233429 0.462081417231451
2 0.4434061301978822 0.6102724269029142 0.0862978961016708 0.44022224634920654
2 0.504375 0.5208333333333334 0.06875 0.3616666666666667
2 0.045 0.4891666666666667 0.065 0.29833333333333334
2 0.219375 0.45 0.06125 0.22
2 0.284375 0.45 0.06125 0.22
2 0.156875 0.525 0.06875 0.37
0 0.07402022078230211 0.6426665942857135 0.029426383765968466 0.054123178284730025
0 0.149375 0.3575 0.02625 0.035
0 0.22430070227545337 0.5607367476904134 0.02447002142828893 0.05702929220622631
0 0.35131119805413064 0.4441695266346728 0.03066547435038828 0.053396649804356
0 0.4459371146124738 0.41693909356958075 0.025567289610167167 0.045469430392518856
0 0.5075 0.3475 0.03 0.015
1 0.06736373344627027 0.960380203991632 0.02813274610364786 0.05068304009843738
1 0.22250555584881204 0.9363030688913485 0.030752749675029348 0.06006331647102267
1 0.35768927208152546 0.7199817544776653 0.022980014285525954 0.03858915401993348
1 0.45866653669202206 0.7321638947212972 0.02807819902574721 0.046516373431770716
1 0.5162552314964466 0.5774110787646094 0.02495319902574721 0.046249361299372446
1 0.2863439263008711 0.4472233789885551 0.023681380194586977 0.044475889779746654
1 0.2170375461062841 0.49559764590131533 0.021159561363426747 0.04259561340716137
1 0.1495547821457287 0.5954249697748236 0.02373592727248763 0.048642556446413326
1 0.04276389415843759 0.5504435204626547 0.02288182954530477 0.03108915401993348
0 0.11723391558672656 0.48914203413805735 0.027166390908731443 0.07224290191214483