1 0.005 0.4141666666666667 0.01 0.03166666666666667
2 0.88625 0.3 0.2275 0.6
0 0.91375 0.028333333333333332 0.095 0.056666666666666664
1 0.958125 0.5525 0.08375 0.095
1 0.3133277752155825 0.14745241930514813 0.030092949344127932 0.03550529616385025
1 0.35273287245662055 0.13258999239555508 0.03022396879233554 0.03883862949718368
2 0.13375 0.8 0.08 0.4
2 0.26 0.8883333333333333 0.0575 0.22333333333333333
2 0.199375 0.7433333333333333 0.06625 0.2866666666666667
2 0.24625 0.7608333333333334 0.0775 0.32166666666666666
2 0.040625 0.6408333333333334 0.07125 0.08166666666666667
1 0.2326098258714546 0.785896880234554 0.021375704206179832 0.03593122051977995
1 0.18704502035353063 0.7503809988079864 0.02532223337849125 0.04110582436723879
1 0.1358516938047075 0.8899233186639051 0.028084272274906466 0.047888893598877755
1 0.03375 0.6066666666666667 0.02 0.013333333333333334
0 0.195 0.9741666666666666 0.045 0.051666666666666666
0 0.2775 0.815 0.0225 0.06333333333333334
0 0.149375 0.615 0.02625 0.03
2 0.105 0.7358333333333333 0.07 0.27166666666666667
1 0.09431307869815342 0.736045003262761 0.023447233378491247 0.04101852244350927
2 0.455 0.8783333333333333 0.3325 0.24333333333333335