2 0.235 0.22583333333333333 0.1225 0.34833333333333333
0 0.21814170523819057 0.0847637649283351 0.03548365908810822 0.05426569802779113
1 0.3696184411710605 0.03641065502763098 0.037112536432629926 0.06100027615706514
2 0.5975 0.14416666666666667 0.0825 0.28833333333333333
2 0.751875 0.095 0.08375 0.19
1 0.5994685140363203 0.16698790245979345 0.024053544730999618 0.03952178392896201
1 0.760736424574321 0.08132296699765278 0.025019386722608488 0.03458969539156934
0 0.6012222979393407 0.30816079310616357 0.04310708946199924 0.07877192200749449
2 0.603125 0.3333333333333333 0.12125 0.13333333333333333
2 0.26 0.8208333333333333 0.52 0.35833333333333334
0 0.180790894280627 0.7242545032209151 0.12749215186945548 0.12738678947494275
2 0.985625 0.7733333333333333 0.02875 0.4533333333333333
2 0.89375 0.5591666666666667 0.0875 0.31833333333333336
2 0.73875 0.515 0.08 0.23
2 0.638125 0.785 0.11125 0.43
2 0.53625 0.5858333333333333 0.0325 0.37166666666666665
2 0.675625 0.4891666666666667 0.07375 0.17833333333333334
2 0.573861424574321 0.6483404600463674 0.08477843071325694 0.4282937059364565
0 0.529375 0.8833333333333333 0.01875 0.06333333333333334
0 0.6192302395113866 0.608259824467288 0.040332255768760344 0.06283672148025024
0 0.7925095951999498 0.8111659124576064 0.04551237012586881 0.07724107826604268
0 0.8179903019188427 0.6417643915046005 0.032784896100695134 0.06159591937127269
0 0.8262932019990399 0.49001425342606797 0.02952714141165174 0.04812676311272469
0 0.968915894280627 0.45133714616158566 0.027027141411651884 0.04799094018751002
0 0.981875 0.4116666666666667 0.02625 0.023333333333333334
1 0.7397217467300393 0.5331693006045233 0.019924667386477923 0.032651382874473237
1 0.6550454162759514 0.6648274597728302 0.025114106058738914 0.036256362058236014
1 0.5822060504689501 0.7841398376483969 0.026799667386477922 0.03302489591881378
1 0.6471042210945791 0.9553183999603402 0.030010062407456104 0.045660718844028454
1 0.9011906345323648 0.6054797453806341 0.0263167463906737 0.03549094018751001
1 0.523125 0.6575 0.00625 0.035
1 0.6759810710451917 0.525765496132861 0.020360228714217214 0.02935200527244357
0 0.5630067362722357 0.46837441577767097 0.02769017676456471 0.05965760685417668
2 0.783125 0.8758333333333334 0.13625 0.24833333333333332