0 0.17594471538458195 0.21498644489706217 0.04238507988017517 0.04977755947379364
2 0.17625 0.2525 0.155 0.135
2 0.801875 0.16 0.23625 0.32
1 0.8329864790103656 0.20733304901332758 0.0656503544259823 0.06262664107786615
2 0.02 0.8583333333333333 0.04 0.2833333333333333
0 0.495625 0.325 0.01875 0.01
0 0.4587009415538452 0.9037499365159682 0.03802275709316632 0.08051392569488447
2 0.435 0.9283333333333333 0.13 0.14333333333333334
1 0.8240572444723171 0.7079712804582741 0.03948971381909871 0.0330818026734543
0 0.8315821862968469 0.48287431334603165 0.040242208001551774 0.055572105962230015
2 0.8158555622921917 0.6477870429450137 0.14948878546583075 0.4019393422448475