2 0.02125 0.13166666666666665 0.0425 0.2633333333333333
2 0.56625 0.13166666666666665 0.1075 0.2633333333333333
0 0.565625 0.4091666666666667 0.03875 0.06166666666666667
1 0.006875 0.15333333333333332 0.01375 0.02666666666666667
2 0.133125 0.028333333333333332 0.04375 0.056666666666666664
2 0.07375 0.0075 0.0525 0.015
2 0.8525 0.20333333333333334 0.2325 0.4066666666666667
1 0.8960571445894157 0.17608456791154897 0.0674349850731997 0.06936003359940704
2 0.485 0.72 0.27 0.56
1 0.4895243915340333 0.944150563664565 0.09897588640992694 0.10512017391065608
2 0.06125 0.6841666666666667 0.1225 0.435
0 0.05218859468490827 0.4952861083784804 0.04412089920432706 0.045897529769082346
1 0.015625 0.7733333333333333 0.03125 0.043333333333333335