1 0.061553530403744505 0.2230595853112366 0.030240871148243684 0.03153048032470565
1 0.19235679799308883 0.23144335242889952 0.028696939528454663 0.04215974044582367
1 0.22911613396264394 0.21872210119839441 0.03036820514063251 0.03569714699137232
2 0.79 0.19 0.1 0.38
2 0.72875 0.11583333333333333 0.085 0.23166666666666666
2 0.95375 0.0625 0.0925 0.125
0 0.7885367782214253 0.04117208001551736 0.03648874427365378 0.07290800889061302
1 0.7048791023279825 0.0905942164154511 0.024921472729976843 0.040918260688059906
1 0.7682853283968334 0.35501566514629757 0.030622873125410094 0.04403048032470565
1 0.935625 0.0075 0.02125 0.015
2 0.07 0.525 0.0725 0.29
0 0.071875 0.3875 0.02125 0.015
1 0.063825364806439 0.5585874277284257 0.01763900395433268 0.026836658909937323
1 0.19847199209133465 0.4001684793712784 0.015738537155855 0.025799252364388726
2 0.1975 0.4325 0.0475 0.105
2 0.138125 0.4066666666666667 0.05375 0.05333333333333334
2 0.9825 0.5966666666666667 0.035 0.43333333333333335
1 0.983125 0.6566666666666666 0.03375 0.04666666666666667
1 0.6579011438484756 0.51547465795651 0.02581493755128818 0.02938764282953675
1 0.7276974094606536 0.5297600578792129 0.030215404349766006 0.030697146991372316
1 0.8694196086697872 0.5502015976035007 0.030189937551288182 0.029863813658038984