1 0.08767918609167466 0.12926097304696366 0.025930446403563394 0.035795237993814906
1 0.14740326769574721 0.09110359766677854 0.025872266136217945 0.02912857132714824
2 0.4675 0.3458333333333333 0.0675 0.30833333333333335
2 0.5475 0.37416666666666665 0.0625 0.25166666666666665
2 0.7888941370464737 0.20464959077729708 0.11242902616167129 0.2817470378921483
2 0.508125 0.11583333333333333 0.05125 0.23166666666666666
0 0.47118323357734654 0.2189630647401115 0.02042180693825429 0.048954006889481434
0 0.5456668837046559 0.28045725724233384 0.026148622406108758 0.06079523799381481
0 0.5632913925206915 0.12346155450670424 0.02099589920432706 0.043140069604777787
0 0.506875 0.009166666666666667 0.02125 0.018333333333333333
0 0.46146002772120054 0.11529999858007448 0.019782261871418003 0.04726794417418522
1 0.45863101222152935 0.4394666652467411 0.01779817387014532 0.034709756028296394
1 0.53375 0.49416666666666664 0.02 0.011666666666666667
1 0.5691841626352742 0.30786097375692645 0.021511811203054378 0.030659465653407474
1 0.5118304890515644 0.1460377451857412 0.01651181120305438 0.030504297264370404
1 0.5818963797262913 0.0690240399169635 0.015239993602799871 0.02796550516711112
0 0.5519472874602185 0.06225969624940791 0.020407261871417857 0.04728734022281481
2 0.3725 0.685 0.095 0.37
0 0.38375 0.5125 0.0375 0.025
1 0.37711149061109345 0.7305189291769266 0.04156999147039983 0.03794680587622224
1 0.08248238981542055 0.6788639942237411 0.02461499360279987 0.028256445896555533
1 0.11762056795036592 0.664116839613667 0.02461499360279987 0.028256445896555533
1 0.788125 0.5033333333333333 0.02875 0.006666666666666667
1 0.9225 0.5066666666666667 0.0275 0.013333333333333334