2 0.485625 0.26666666666666666 0.05125 0.4666666666666667
0 0.47125 0.09166666666666666 0.0225 0.056666666666666664
0 0.5327121071986346 0.24295946698089343 0.04139899569865321 0.07613392120689942
1 0.465 0.4175 0.01 0.055
1 0.00625 0.67 0.0125 0.03333333333333333
1 0.14254434111046352 0.6608176775463321 0.03048117402800898 0.03189453166759563
1 0.2701607804818329 0.6564953131451364 0.026309942927905467 0.037693927660365036
1 0.3095803068672068 0.6370280586049036 0.02548117402800898 0.031855746135522625
1 0.826554606453824 0.7060287755477861 0.03372261339937836 0.035252105958474736
2 0.85125 0.6575 0.13 0.315
1 0.471875 0.6591666666666667 0.02375 0.035
1 0.5997258560814186 0.6528032136401275 0.027981174028008978 0.03187513890155932
1 0.6352789430954231 0.6366983815822829 0.026135283870851254 0.03269392766036503