1 0.3631336224584706 0.195259003041481 0.05986305737172387 0.0509511031405926
2 0.380625 0.19833333333333333 0.20375 0.39666666666666667
2 0.67875 0.4008333333333333 0.1 0.35833333333333334
2 0.594375 0.515 0.11125 0.13
2 0.731875 0.5216666666666666 0.11375 0.11666666666666667
2 0.809375 0.43083333333333335 0.10625 0.29833333333333334
1 0.54 0.2791666666666667 0.02 0.04833333333333333
0 0.6077414978442218 0.4930749138814812 0.03245899012919907 0.06507828095225932
0 0.6844366292432624 0.24772439149066633 0.02732300555186427 0.04910917527851855
0 0.7391200468881494 0.5122962849053329 0.03743476742709504 0.07771405329266676
0 0.8310163954374299 0.32721661043759215 0.03175388648947972 0.06339221823696296
0 0.8115771209154662 0.3161706173270736 0.028228368290882315 0.05496190466048157
1 0.657445305987448 0.5106705006091479 0.023212539173126743 0.04149279898674081
1 0.07875 0.5916666666666667 0.0275 0.023333333333333334
1 0.14625 0.5916666666666667 0.0275 0.023333333333333334
0 0.6897208241860453 0.755182812362444 0.03771513016611308 0.08354738662600009
1 0.54125 0.8441666666666666 0.0225 0.04833333333333333
1 0.6266200468881493 0.769622417225407 0.027587539173126743 0.04162857132714824
1 0.7264039586710951 0.7839996533960365 0.02500743553340726 0.03988432046596301
1 0.881058363359172 0.7084724762943326 0.024182176434108554 0.03569825775066685
1 0.950921420730896 0.6572110363756659 0.022972228253968295 0.03649279898674081
2 0.818125 0.7625 0.11125 0.365
0 0.954375 0.6758333333333333 0.09125 0.19166666666666668
2 0.573125 0.7833333333333333 0.08625 0.4066666666666667