0 0.244375 0.04583333333333333 0.10125 0.09166666666666666
2 0.300625 0.23 0.51625 0.46
1 0.01 0.20833333333333334 0.02 0.03333333333333333
1 0.07367238946660666 0.21699679845344805 0.02985962230382967 0.031174913417245875
2 0.7525 0.30916666666666665 0.1 0.3016666666666667
2 0.90375 0.30333333333333334 0.09 0.31333333333333335
2 0.960625 0.39416666666666667 0.07875 0.13166666666666665
2 0.81125 0.0775 0.0525 0.155
2 0.924375 0.0925 0.14875 0.185
0 0.7388896556436285 0.18984231502964766 0.031645262910713186 0.06034158008391254
0 0.9454581332238533 0.36806670895036897 0.028928409335143783 0.06669251563014465
0 0.957192858678046 0.35682963343210794 0.023979427638197423 0.0670206791707822
0 0.7563771847313637 0.07980501776903857 0.03056109818322881 0.05277843385982564
0 0.8975 0.019166666666666665 0.025 0.03833333333333333
1 0.750827835407858 0.42542306346663317 0.022040732122152563 0.03535401250411572
1 0.9069248836490595 0.3981288710513842 0.025318787031313975 0.03816974362455028
1 0.8148465324893861 0.10144780371837096 0.017678512485506843 0.024975135159593927
1 0.701875 0.025 0.00375 0.023333333333333334
2 0.236875 0.8225 0.09875 0.355
2 0.06125 0.8341666666666666 0.085 0.33166666666666667
2 0.021875 0.7533333333333333 0.04375 0.31666666666666665
2 0.13100727624663272 0.6362851981326597 0.07710391188638198 0.2752918504031004
0 0.21882606327794676 0.6807695641659046 0.028941189698497852 0.056755661854231504
0 0.04456577709704547 0.6954623289733859 0.02623711648628273 0.05316974362455028
0 0.0075 0.6208333333333333 0.015 0.04833333333333333
0 0.06307377539621996 0.561510949942458 0.015879988364905985 0.046326070705825846
0 0.07556099503286574 0.5727107282001098 0.0188519334557445 0.044141801826260596
0 0.1213647138190987 0.5193659465696453 0.02136471381909871 0.03445753294669534
1 0.23050915152690707 0.9121836459362235 0.020790732122152634 0.03522772005594182
1 0.05703970061852146 0.9195027031918785 0.020790732122152634 0.03522772005594163
1 0.019221016737570585 0.8394892866486039 0.018507585697722036 0.028371614717014212
1 0.13538217309626957 0.677307970138254 0.019132585697722106 0.02843476094110116
1 0.07878761903752092 0.7370161197351535 0.01943869551604493 0.03343476094110116
1 0.062334164727484306 0.4885564939536462 0.012793329454968614 0.01619977825765197
1 0.70625 0.47 0.0125 0.02
1 0.765 0.4708333333333333 0.03 0.021666666666666667
1 0.90625 0.4741666666666667 0.0325 0.028333333333333332