2 0.1925 0.059166666666666666 0.1325 0.11833333333333333
1 0.16617213297207015 0.01997727359654187 0.034994684757972155 0.031928469008159654
2 0.6225 0.27 0.265 0.54
0 0.68875 0.49333333333333335 0.0775 0.09333333333333334
2 0.025 0.8691666666666666 0.05 0.26166666666666666
2 0.198125 0.925 0.18875 0.15
2 0.09625 0.7058333333333333 0.09 0.33166666666666667
1 0.0925416585263369 0.7337486109844076 0.025750704206179833 0.03518907946885596
2 0.035 0.7791666666666667 0.07 0.3016666666666667
0 0.014375 0.6533333333333333 0.02875 0.04666666666666667
2 0.020625 0.6375 0.04125 0.195
0 0.00625 0.56 0.0125 0.04
2 0.015625 0.57 0.03125 0.06
2 0.045 0.5691666666666667 0.06 0.058333333333333334
2 0.148125 0.6608333333333334 0.06625 0.24166666666666667
2 0.2025 0.7125 0.0925 0.345
1 0.20142533559555836 0.74540017747031 0.026539478516439344 0.0393605943270317
2 0.239375 0.6533333333333333 0.07625 0.22666666666666666
2 0.2975 0.7041666666666667 0.08 0.3283333333333333
1 0.29155901266477985 0.7571971897014862 0.025453252826698927 0.04351756461068021
2 0.398125 0.6958333333333333 0.09125 0.31166666666666665
1 0.4191192071468559 0.7228845216833087 0.025289478516439347 0.039350897944013544
2 0.45875 0.6583333333333333 0.0625 0.23666666666666666
1 0.4558578724566205 0.694274841433955 0.022033459068231735 0.03599332365313463
2 0.3325 0.6258333333333334 0.0775 0.17166666666666666
2 0.284375 0.5816666666666667 0.06375 0.08333333333333333
2 0.47125 0.6216666666666667 0.0375 0.16333333333333333
2 0.571875 0.7841666666666667 0.10375 0.43166666666666664
2 0.586875 0.6175 0.10625 0.155
1 0.5525593984635488 0.9230348156200917 0.02861100768875076 0.044375138901559315
1 0.5965483821807243 0.5827972542361444 0.0231851944820761 0.03350302003615288
0 0.5745777752155825 0.6012954260807881 0.03229284034363303 0.05856604652577156