1 0.13237512969243725 0.12796894513046975 0.029202064185166705 0.03126968533842387
1 0.26106691000675253 0.12829980097599597 0.03053939371369381 0.03378907876087245
1 0.29798471314990566 0.11221493698278356 0.02979795434232443 0.03044604871631492
2 0.615 0.345 0.11 0.15
2 0.80375 0.23583333333333334 0.095 0.36833333333333335
2 0.65125 0.11583333333333333 0.0725 0.23166666666666666
2 0.7525 0.04 0.055 0.08
2 0.563125 0.1575 0.07875 0.315
0 0.5982347316773967 0.31055504786758575 0.03218323821317568 0.0629654421387634
1 0.6521216646805047 0.13648593214511257 0.02104795434232443 0.03031029475917554
1 0.8242723465663966 0.12916222444300204 0.018489734656639598 0.028604841247612
1 0.8068409057054058 0.3454410226606992 0.022443503556536085 0.03449635484829059
0 0.7923665134813335 0.09202041892634773 0.02347604135632878 0.04617271822618155
1 0.75125 0.0033333333333333335 0.015 0.006666666666666667
0 0.55375 0.011666666666666667 0.0225 0.023333333333333334
2 0.821875 0.11333333333333333 0.06625 0.22666666666666666
1 0.5637672324222075 0.20007990901759817 0.02190583308506305 0.036986658137066496
1 0.383125 0.04583333333333333 0.00625 0.041666666666666664
2 0.6081867588075813 0.21992534546996145 0.07409941075156326 0.31514603450031453
1 0.09709944780654536 0.5778987328240959 0.031106174028009016 0.03213210880543007
1 0.1670994478065454 0.5789847644812105 0.030568503556536085 0.03462241209420578
1 0.312520678906649 0.5754107648631244 0.03173117402800898 0.03214180551665436