2 0.488125 0.125 0.04375 0.25
2 0.3475 0.15833333333333333 0.1125 0.18333333333333332
2 0.261875 0.125 0.09625 0.25
2 0.093125 0.125 0.07875 0.25
0 0.0925 0.008333333333333333 0.0275 0.016666666666666666
0 0.13699334788850046 0.11713092931234485 0.03362331381276135 0.08940578709397527
0 0.33373649197459954 0.11850294404083826 0.03497433664159914 0.07462450875279009
1 0.24814577154410414 0.2164105449706656 0.025118162613590157 0.041937141011654265
2 0.08375 0.84 0.1075 0.32
0 0.07627412539109046 0.7260818973799504 0.0352072153843379 0.08129117541945675
1 0.076875 0.99 0.03125 0.02
2 0.12388711827801835 0.6635811416150119 0.089714163935694 0.4121551069055306
0 0.11914049065249568 0.4920602893875552 0.027691798841806375 0.06215586267046907
1 0.12127412539109046 0.7313312171915058 0.025772272456432467 0.04284338156459247
2 0.2736610398667074 0.5142350392966413 0.06280316112396868 0.2654366875526911
0 0.2643099799828875 0.4069122076535301 0.025147272456432432 0.0427704743449876
2 0.26875 0.8066666666666666 0.115 0.38666666666666666
0 0.2638134820498021 0.6599852660261227 0.03375344648444148 0.07531202764691348
0 0.2866884635223111 0.6020682214769869 0.0272123480560181 0.06624962211753087
2 0.056875 0.37333333333333335 0.11375 0.24666666666666667
0 0.059375 0.255 0.02125 0.01
1 0.1025377260539461 0.40878966388957994 0.015131855913900906 0.023343532717580235
2 0.369375 0.8575 0.08375 0.285
0 0.3610121368055094 0.7518275895198016 0.02945035947043692 0.05904125099595054
1 0.2683478172017798 0.9501624343830116 0.02835960198495954 0.04563501044301233
1 0.52125 0.5041666666666667 0.0225 0.03166666666666667
1 0.6589658315954416 0.5232630678485912 0.0278647346566396 0.031468343776345664
1 0.7833699414382841 0.538604937883307 0.025277405128112492 0.028676714897925802
1 0.8185000741099643 0.5285939827341217 0.02652740512811249 0.028822529337135736
2 0.945625 0.5825 0.10875 0.47833333333333333
0 0.985 0.37916666666666665 0.03 0.051666666666666666