1 0.033687058113720525 0.3130211210705505 0.02790364837646507 0.032113761548030764
1 0.17047478278907946 0.29998141397163985 0.02790364837646507 0.032113761548030764
1 0.2910234168800184 0.28853165687838384 0.02727864837646507 0.0320846609067875
1 0.32519113798399585 0.2710977882766787 0.022860010714144466 0.028547623084752446
0 0.90625 0.060833333333333336 0.1125 0.12166666666666667
2 0.774375 0.18 0.45125 0.36
2 0.006875 0.7075 0.01375 0.37833333333333335
2 0.137184722075594 0.6187353613670856 0.06541423343967978 0.36865609553391626
2 0.403125 0.785 0.09375 0.43
2 0.405 0.43416666666666665 0.085 0.14833333333333334
2 0.173125 0.4225 0.05375 0.125
2 0.020625 0.4583333333333333 0.04125 0.19666666666666666
2 0.063125 0.3825 0.05375 0.045
0 0.13260102369978796 0.4596850972653915 0.022442289610167164 0.04435185577684261
1 0.14133520714012676 0.6969231914942033 0.022925467207625304 0.03354762308475225
1 0.006875 0.475 0.01375 0.02666666666666667
2 0.48375 0.885 0.0675 0.23
0 0.460625 0.8108333333333333 0.02125 0.07833333333333334
0 0.4679392155827722 0.5253385871072831 0.02314365551922805 0.05021428975141911
2 0.48 0.6808333333333333 0.06 0.3616666666666667
1 0.4765315766205692 0.7517433480027617 0.024931380194586978 0.043634925008481866
2 0.59703973636112 0.6894311569349291 0.10215515714078577 0.4078439327260173
0 0.5916019402581312 0.5129099934744781 0.025600017856907444 0.04699735898305827
1 0.5696752321397972 0.7966031197654462 0.022376833116686187 0.03935185577684251
0 0.4688760058428805 0.45358461851688714 0.02052365194784656 0.04093122051977995
0 0.478125 0.375 0.01875 0.03
2 0.514647411037138 0.5581851396552919 0.05364058149183322 0.32813228399154004
0 0.5102164444794539 0.4108015422202645 0.019175467207625304 0.0333730192372937
1 0.5054297256469755 0.6661798505564251 0.017925467207625303 0.03331481795480746
0 0.56 0.37666666666666665 0.0225 0.03333333333333333
0 0.5670882811675216 0.45568248450838345 0.02373592727248763 0.047743390392662184
0 0.6079782704533772 0.4262618421863373 0.019887742532266373 0.040068786545203496
2 0.6835642155827721 0.5152988658784057 0.06587875551791 0.3087142968164026
0 0.6830905279211108 0.38357399792925273 0.020501833116686328 0.03926455385311328
1 0.6887901499980228 0.5800951613897039 0.019800467207625305 0.033402119878536876
2 0.764375 0.5175 0.07125 0.315
0 0.758125 0.3725 0.02375 0.025
1 0.7581651499980228 0.5768649902117172 0.019767738960884886 0.03090211987853678
2 0.8475 0.5183333333333333 0.065 0.31666666666666665
0 0.853125 0.37583333333333335 0.02125 0.03166666666666667
1 0.8565628853875262 0.5931295228698802 0.019175467207625304 0.0333730192372937
2 0.731875 0.47333333333333333 0.05125 0.22666666666666666
2 0.790625 0.42083333333333334 0.05625 0.12166666666666667
1 0.7977928103885148 0.40324858058176116 0.01659910129856428 0.027423283338987876
2 0.9428424503223344 0.6391427350195723 0.07154422986829814 0.3597804352796808
0 0.938927389608849 0.4833967036099683 0.02307819902574721 0.04521428975141911
1 0.9334502142828899 0.733804112587372 0.022958195454365865 0.03604762308475244
2 0.765 0.9683333333333334 0.1225 0.06333333333333334
0 0.7775 0.975 0.04 0.05
0 0.755625 0.9691666666666666 0.03375 0.06166666666666667