2 0.36375 0.24333333333333335 0.325 0.43333333333333335
0 0.34186305183891136 0.08707545160199393 0.07772818511654293 0.10533027201357507
1 0.00375 0.26666666666666666 0.0075 0.03333333333333333
1 0.11680747920964585 0.25966505733081635 0.02830754279449664 0.03125998862719977
1 0.15159716334736031 0.2432984048801499 0.02386706635169958 0.028692111648629937
1 0.750625 0.4425 0.02375 0.035
0 0.6488709960846869 0.2119032461277619 0.027559528855940416 0.05040726187141805
2 0.65375 0.3233333333333333 0.0675 0.2733333333333333
2 0.75125 0.31916666666666665 0.08 0.2816666666666667
2 0.720625 0.10916666666666666 0.05375 0.21833333333333332
0 0.6575595023622527 0.07099233910463468 0.02037897212288783 0.03863393138128468
0 0.763936472527484 0.20761905126250227 0.019972226932211186 0.04695756800339382
0 0.7523015528177396 0.1986366221090961 0.020982146641955524 0.037810294759175536
0 0.630625 0.11333333333333333 0.02125 0.05
0 0.9875 0.3958333333333333 0.025 0.065
2 0.068125 0.73 0.13625 0.54
1 0.9626963763410155 0.7552286342457242 0.04682540145127888 0.04654119325270263
2 0.9475 0.675 0.105 0.43
1 0.8466825004045961 0.6287473727562202 0.03044444856568475 0.04128907876087245
1 0.7083828965571374 0.6375570126034432 0.03216667019915839 0.03548483556121189
1 0.6433174201143403 0.641065470570764 0.031047623084752438 0.0404654421387634