2 0.58 0.365 0.08 0.45
0 0.610625 0.18916666666666668 0.01875 0.08166666666666667
1 0.0725566060598188 0.363947803718371 0.02492917503386849 0.03239955651530409
1 0.10746099909467702 0.3492138051579936 0.02417315558566088 0.029003076957883803
2 0.859375 0.37166666666666665 0.28125 0.43666666666666665
0 0.8676593224781171 0.23733086673251638 0.10846670013547367 0.13048227319843306
2 0.47 0.7583333333333333 0.09 0.33666666666666667
2 0.08875 0.8925 0.11 0.215
2 0.333125 0.8741666666666666 0.10375 0.25166666666666665
2 0.233125 0.7908333333333334 0.09125 0.40166666666666667
2 0.056875 0.69 0.08875 0.2
0 0.0774184771584548 0.8208785035785167 0.034165182722619106 0.07732397787101396
0 0.10813556309269742 0.6679374641329798 0.032325595205684864 0.06219768542284006
0 0.220625 0.605 0.03125 0.03
0 0.32292043057328884 0.795051074983614 0.035349672998515304 0.07578360365252138
0 0.26631364812161706 0.9545066396841658 0.04229018272261925 0.0781448787841443
1 0.0635587186783583 0.6899944564412993 0.02262570420617976 0.03714697161895628
1 0.2236003098133371 0.8497582404574419 0.026307536861062034 0.0516293694060577
1 0.48150931388404333 0.7911533621257852 0.021277439620023982 0.03452067917078239
1 0.4163313880588291 0.6691948450560181 0.023348968792335542 0.039710117843043236
1 0.34328604929788753 0.7746980466025701 0.02071794934412793 0.03612419961336211
2 0.404375 0.6941666666666667 0.08375 0.20833333333333334
2 0.17875 0.7291666666666666 0.075 0.2783333333333333
2 0.91125 0.9441666666666667 0.1 0.11166666666666666
2 0.655 0.8858333333333334 0.07 0.22833333333333333
2 0.756875 0.9083333333333333 0.08125 0.18333333333333332
2 0.8341332912704525 0.8426858633597039 0.06629776978689193 0.30882705482889766
0 0.6382816648571031 0.8013175747779099 0.025090291723114007 0.052336410291216946
0 0.7476513496150753 0.8439085382116183 0.026045497964646957 0.04496270273939085
0 0.9051734739930717 0.9237354684518476 0.024959272274906397 0.04900307695788361
1 0.8348459253725526 0.9083297580207763 0.0169351944820761 0.03491198893550707
0 0.7359091632744117 0.6401963275337633 0.01798600768875076 0.04580846849292726
2 0.7391492369965359 0.7384665146430097 0.06124289054684368 0.24357446993254986
2 0.63125 0.6466666666666666 0.0225 0.11333333333333333
2 0.771875 0.6941666666666667 0.05375 0.20833333333333334
0 0.7821078050652625 0.7544271245475886 0.02578080144721781 0.05406622318197066
2 0.794375 0.8658333333333333 0.07125 0.2683333333333333