2 0.385625 0.18666666666666668 0.12125 0.37333333333333335
2 0.06125 0.05333333333333334 0.0825 0.10666666666666667
2 0.18625 0.1725 0.0925 0.345
1 0.1787912387449231 0.21284330618479164 0.022932176434108557 0.03665022874498277
1 0.383463388652638 0.2747421017119287 0.02305233189368778 0.03915022874498277
0 0.39125 0.006666666666666667 0.03 0.013333333333333334
2 0.504375 0.1775 0.02875 0.355
2 0.585625 0.12583333333333332 0.07375 0.25166666666666665
2 0.68375 0.1025 0.075 0.205
1 0.5683003072203756 0.10610500174702707 0.02023191733480999 0.032289417520082866
1 0.665302898213362 0.07181582829322498 0.02027196915466959 0.033122750853416205
2 0.05375 0.85 0.1075 0.3
0 0.05399053979328059 0.7316568924548386 0.03564826465116291 0.055072415396590864
2 0.086875 0.9425 0.11625 0.115
0 0.08205413942414033 0.9178538580221127 0.038973523750461536 0.05948176276104922
2 0.254375 0.8175 0.10875 0.365
0 0.27678577359911316 0.6644778746335838 0.02919800555186427 0.05042038733434121
1 0.24472274028792765 0.9530703265863925 0.028877590992986413 0.043753720667674356
2 0.146875 0.5783333333333334 0.08125 0.3566666666666667
0 0.150625 0.4191666666666667 0.02625 0.03833333333333333
1 0.1387408772388326 0.6520847211245285 0.02367733189368778 0.03919876488454103
2 0.23311587723883265 0.6594136781978347 0.08828785255814026 0.37298458377009014
0 0.23697572301218103 0.5007891280271515 0.028068161011443424 0.0528233150552245
1 0.2212818871096335 0.7229008389106849 0.024262280073828038 0.038413967690766146
2 0.184375 0.5208333333333334 0.06625 0.24166666666666667
1 0.18082261382059733 0.546615020025136 0.01648191733480999 0.03199820068273292
2 0.271875 0.43416666666666665 0.06375 0.06833333333333333
1 0.265625 0.4075 0.01625 0.015
2 0.32375 0.49083333333333334 0.0675 0.18166666666666667
1 0.3153252048135837 0.515238014944833 0.01952681369509051 0.03057421471385794
1 0.5068891418899955 0.7820944953363566 0.02823676187523077 0.03042038733434102
1 0.642409815548172 0.7817449681476202 0.02569671005537103 0.029392909442774454
1 0.764725385566629 0.7820428486948259 0.028316865514950253 0.03208705400100778
1 0.7993965774234028 0.7654971335643085 0.02573676187523077 0.030226242776107786