2 0.3925 0.22166666666666668 0.1275 0.25666666666666665
2 0.296875 0.2475 0.13125 0.205
2 0.18 0.16 0.0875 0.32
2 0.03625 0.11416666666666667 0.0725 0.22833333333333333
0 0.09122945819273703 0.2416101727973408 0.03319041079492266 0.062463208435909794
0 0.1161897458237054 0.08652670138547487 0.02999114267548748 0.04899405217736179
0 0.2646818033498991 0.04771377119577778 0.02749114267548748 0.048858229252147015
0 0.2971209668085071 0.1897072710590092 0.037871340597175444 0.0685342318883689
0 0.28375 0.009166666666666667 0.0275 0.018333333333333333
1 0.02409194146540017 0.1314163266932041 0.019829466041122998 0.03348471620780657
1 0.17914021997639545 0.20525761521076683 0.026210578813517172 0.03632427352084335
2 0.638125 0.19333333333333333 0.09625 0.31333333333333335
2 0.524375 0.15166666666666667 0.07375 0.30333333333333334
2 0.719375 0.10083333333333333 0.07625 0.20166666666666666
0 0.531875 0.010833333333333334 0.02625 0.021666666666666667
1 0.5221029609769334 0.18616024079203328 0.02099205752619369 0.03188596100374733
1 0.6113379908800269 0.13644039414082237 0.01559871920901145 0.024114315153317845
1 0.6297038010699059 0.3091130086301273 0.020804100100840515 0.04018533860577691
1 0.7201928228614324 0.10476667502325687 0.018680014951546867 0.023450760476502904
0 0.646678767615232 0.08050802944636459 0.02195355119041693 0.050219294337080576
2 0.041875 0.46416666666666667 0.08375 0.22833333333333333
2 0.077348345420343 0.6085130745356723 0.11400677774361129 0.45075691437236626
2 0.22515427522259585 0.5946661886146716 0.11644565001967039 0.4259606487601883
2 0.423125 0.5341666666666667 0.10125 0.36833333333333335
1 0.03516712443554134 0.4977943325127219 0.022591691585911206 0.03862053913302134
0 0.07891255018201075 0.41232178810725706 0.025834663962811037 0.052923028724902677
0 0.09500087354764628 0.4264049833620578 0.018859115052387382 0.06251555994925848
1 0.07592810264401478 0.6950099625458206 0.02772280435830531 0.04139218498345069
1 0.22037737076344988 0.6738668110126419 0.025804100100840655 0.040456984456206255
0 0.23851921186482855 0.41112912089351616 0.03016595970534638 0.052327385510695025
1 0.4328990773009079 0.6024916410259107 0.024554100100840515 0.040389072993599104
0 0.431875 0.3566666666666667 0.02625 0.013333333333333334
2 0.543125 0.6058333333333333 0.12625 0.465
0 0.5395812544394755 0.4042672273373871 0.049584663962810964 0.05421334651444236
1 0.5347960750209145 0.6737578913678319 0.05538448099266986 0.057852281429508705