1 0.4730133912369973 0.2617749624912449 0.06001865551922805 0.05193122758476344
2 0.45 0.15 0.16 0.3
1 0.028033466236008733 0.09011102162132109 0.0253818295453047 0.030330692316391607
1 0.09618028506716897 0.08527238505915401 0.031126833116686327 0.039759264754246335
1 0.23189256039181003 0.0722908792427296 0.031105014285525954 0.03809259808757967
2 0.36375 0.07166666666666667 0.0825 0.14333333333333334
1 0.3859620967555662 0.08843635418901158 0.026039557792045115 0.03285979295763468
2 0.74 0.2325 0.0575 0.135
2 0.794375 0.19916666666666666 0.05875 0.20166666666666666
0 0.6555676139625325 0.18015863764109014 0.025018655519228047 0.05030159167514853
0 0.7441430633132504 0.18935967991789993 0.024909561363426605 0.041968258341815196
0 0.790618997728501 0.12223533310715197 0.018648651947846418 0.040843918596050535
0 0.7677962980528125 0.052507824141057334 0.023176383765968468 0.05271428975141911
0 0.6488717474035304 0.07137027931058403 0.023056380194586838 0.04354762308475244
0 0.673125 0.009166666666666667 0.02125 0.018333333333333333
0 0.5982794756502707 0.071227431251277 0.021246836688067674 0.04846032116102308
0 0.7121090048712639 0.10756868057045214 0.019339108441327257 0.045873019237293707
2 0.70375 0.19 0.0525 0.22
2 0.65375 0.22666666666666666 0.065 0.14666666666666667
0 0.5771635519491646 0.10968775241230005 0.02046910486994591 0.03676455385311329
2 0.510625 0.5866666666666667 0.03875 0.42
1 0.25631578084584633 0.5669099864094946 0.025425467207625445 0.03366402564972494
1 0.3256144149367853 0.5695131485648414 0.02981137662320549 0.034701063471760184
1 0.46372850552120526 0.5639152401834444 0.029197286038785533 0.03550529616385035
2 0.975625 0.5991666666666666 0.04875 0.35833333333333334
1 0.9825 0.7066666666666667 0.035 0.04
1 0.6510961730544602 0.6451031268304296 0.02534910129856435 0.027830692316391605
1 0.688200270781643 0.6258861889970854 0.026017738960884884 0.031193126290968015