2 0.535 0.33 0.19 0.34
0 0.5394781533241175 0.21155476266479994 0.07610715194069315 0.09400677629383371
1 0.03630352828170839 0.40119266721374097 0.030182542794496642 0.03242925270460622
1 0.10567852828170839 0.4049617533884488 0.029623019237293702 0.034895296973302264
1 0.24958130664823477 0.4069382382549609 0.030807542794496642 0.032463208435909795
1 0.37971225953382887 0.40900103036612545 0.027013891832632028 0.030592807381420926
1 0.4157737691524757 0.3942698403837683 0.028263891832632025 0.03066071884402845
2 0.291875 0.8616666666666667 0.10375 0.27666666666666667
2 0.1225 0.81 0.0775 0.38
2 0.2195376556863701 0.7769523431567587 0.07626789574794515 0.3860993075181896
2 0.07461107107620507 0.7423739910963356 0.06822225872463662 0.36485850540921216
2 0.195625 0.5683333333333334 0.06125 0.13666666666666666
1 0.06974003260161765 0.8088708791064838 0.02723214664195538 0.03892614071475445
1 0.11923605517999235 0.9025225381380223 0.02367857597034643 0.04622240632693244
1 0.21475391913551206 0.8401158978335735 0.023613099527549367 0.04372240632693244
1 0.011496001383424428 0.6429753059761163 0.019448415389834963 0.027685338605776905
1 0.19372220043852337 0.5677545565915748 0.016992066351699576 0.0292161823472289
0 0.084375 0.515 0.02625 0.03
0 0.15689879034742596 0.539883879380021 0.02566270337500825 0.05049094018751001
0 0.32111307303386155 0.5788481924441914 0.025212307222466847 0.057123651122873015
0 0.3048650379003553 0.7690703226140585 0.02799603847458741 0.06809280738142111
2 0.02125 0.6166666666666667 0.0425 0.23333333333333334
1 0.865587270131304 0.8155403816059371 0.0258511937563614 0.033858229252147015
1 0.9354126662838452 0.8260100901786154 0.030873019237293704 0.03496320843590979