2 0.13 0.24666666666666667 0.09 0.26666666666666666
1 0.14125 0.37583333333333335 0.0225 0.008333333333333333
0 0.1235159653087284 0.13933533363294268 0.023539534404836217 0.049115906527893764
2 0.450625 0.33416666666666667 0.06625 0.09166666666666666
2 0.61625 0.29833333333333334 0.0675 0.16333333333333333
2 0.9061395983768376 0.17590517472992914 0.08893356483130788 0.3135268946175498
2 0.661875 0.13833333333333334 0.05625 0.27666666666666667
2 0.4896059695735285 0.17931885722784127 0.06268356483130759 0.3116926223426432
2 0.545625 0.09083333333333334 0.05625 0.18166666666666667
0 0.6159791647676742 0.24568450655655572 0.02351771680458171 0.04661590652789376
0 0.660625 0.014166666666666666 0.02125 0.028333333333333332
0 0.4938363946530916 0.05287055630818727 0.0216936245385088 0.052318220413019485
0 0.9071213903882915 0.06340517472992913 0.019128171737745277 0.04464352781540939
1 0.48151689436665607 0.24629477943501088 0.01711499360279987 0.028679175033868395
2 0.614375 0.051666666666666666 0.04625 0.10333333333333333
2 0.29375 0.7216666666666667 0.2125 0.5566666666666666
0 0.3166846005092376 0.4874667776243648 0.07053089493952712 0.06572472606641715
1 0.364375 0.9008333333333334 0.07125 0.065
2 0.95125 0.7416666666666667 0.0975 0.5166666666666667
0 0.981875 0.5333333333333333 0.03625 0.08333333333333333
1 0.9525 0.9733333333333334 0.0825 0.05333333333333334
1 0.6080428127625835 0.6355452489057973 0.02276181120305438 0.03157223337849132
1 0.6767491775620745 0.6453492953400761 0.028408628803308886 0.03446529172311406
1 0.8160659972947291 0.661755074323508 0.027783628803308886 0.034421618573711614