2 0.57625 0.14833333333333334 0.0675 0.2966666666666667
1 0.599375 0.13583333333333333 0.02125 0.04833333333333333
1 0.18625 0.029506040933629216 0.025625 0.030795237993814815
1 0.25875 0.03308943262592545 0.02375 0.03740371651459261
1 0.39875 0.03207805106622156 0.0275 0.03585342613970378
1 0.519375 0.05916794701403627 0.026875 0.03166736342440743
2 0.68875 0.4266666666666667 0.0925 0.24666666666666667
2 0.875 0.41 0.0875 0.28
0 0.8675 0.3011255544101473 0.02875 0.050058884903629634
2 0.6225 0.17833333333333334 0.025 0.3566666666666667
0 0.271875 0.7589594677832957 0.050625 0.07157107993900004
2 0.27375 0.8558333333333333 0.215 0.28833333333333333
1 0.083125 0.9764837411361107 0.02875 0.0392255515702963
1 0.1175 0.957916958461481 0.029375 0.035911614285592655
2 0.6 0.8291666666666667 0.02 0.115
2 0.62 0.6841666666666667 0.02 0.2683333333333333
2 0.684375 0.6883333333333334 0.07125 0.27666666666666667
1 0.6775 0.7207418139839994 0.020625 0.033140069604777785
2 0.774375 0.6891666666666667 0.06625 0.2783333333333333
1 0.783125 0.7399638817655919 0.020625 0.03564006960477779
2 0.650625 0.64 0.05125 0.18
2 0.714375 0.5833333333333334 0.05625 0.06666666666666667
2 0.87625 0.7904072038531104 0.0725 0.38808327497437045
0 0.87375 0.6229847880476288 0.024375 0.04825644589655563
1 0.864375 0.8924423954437399 0.024375 0.03825644589655553