0 0.105625 0.030833333333333334 0.04375 0.06166666666666667
0 0.10309855330912938 0.18046539973550732 0.02921794545995368 0.079801677109679
0 0.37393366832072117 0.26429246366227344 0.041245746250820045 0.0861869142821729
2 0.1048780667389881 0.3056425680923962 0.12150144982459196 0.3280503923092836
0 0.990625 0.20833333333333334 0.01875 0.06
2 0.953125 0.32 0.09375 0.3
1 0.6438307098412145 0.4473579643854822 0.027090404349766003 0.030562103223407272
1 0.7715599110275143 0.42498489158607505 0.027791804745199187 0.033135010443012335
1 0.8108192469970694 0.40379797730390227 0.026643671939110335 0.036322529337135735
1 0.3607067454302088 0.5458809327547663 0.028365871148243686 0.03154125099595054
1 0.42932941143782005 0.5420278052648901 0.027740871148243685 0.031468343776345574
2 0.70875 0.6091666666666666 0.1675 0.2783333333333333
1 0.6805486553011681 0.6163504857550134 0.048453941505621004 0.0571347081370368
0 0.7670023896889901 0.5996226227828655 0.028134543087354018 0.06472876989007394
1 0.5988731359398103 0.5378596270683467 0.02529180474519933 0.03284338156459247