2 0.67375 0.2675 0.11 0.265
2 0.899375 0.02666666666666667 0.14375 0.05333333333333334
0 0.6570578008067249 0.1667318255450228 0.03435300227999335 0.059893961038675725
0 0.5458080919892737 0.05000886796830661 0.024047072477740416 0.05382789350629954
2 0.4325 0.7 0.195 0.6
1 0.046913256456287834 0.6082544935071782 0.030004283070981828 0.03648789826814152
1 0.11758196071375253 0.6074441415597711 0.032998170298587724 0.03406062770534239
1 0.2659386223965703 0.5964822203490079 0.03272280435830524 0.04071274848456881
1 0.3950951011092468 0.5893045549822238 0.035992057526193694 0.031633357142543256
1 0.4323023117024883 0.5709172558483726 0.03228576178365841 0.03237941515123557
2 0.57 0.8183333333333334 0.08 0.36333333333333334
2 0.668125 0.8508333333333333 0.11375 0.29833333333333334
2 0.6782161092208138 0.6336598857157921 0.07839949239263617 0.3522297385275907
2 0.7946714901126429 0.6468022298726919 0.08044930942249494 0.35560670952324464
2 0.88375 0.8283333333333334 0.085 0.3433333333333333
2 0.9025 0.5483333333333333 0.0775 0.2966666666666667
2 0.955625 0.4675 0.06375 0.135
0 0.545625 0.6658333333333334 0.03125 0.065
0 0.6445795073441829 0.7320617307370834 0.025922072477740414 0.05387153116862
0 0.6630978456613651 0.7391399000013181 0.025559298022528622 0.058856985281179844
0 0.6673117513920982 0.4853992818196597 0.02352262138816414 0.04382789350629949
0 0.7852050897092804 0.4901646549809056 0.022985029903093448 0.045480014285526
0 0.9 0.4175 0.025 0.035
1 0.794955422194889 0.7118749593098929 0.02090464901126431 0.02961758917731231
1 0.5497974462664089 0.9770636233767946 0.025716691585911243 0.03805274372272682
1 0.8862179802252858 0.9366942982716565 0.025222804358305383 0.04053819783528676
1 0.8997109112991258 0.6093148831204209 0.018985944753799514 0.02874061818165842