2 0.305625 0.455 0.11125 0.15
2 0.32375 0.13083333333333333 0.0525 0.26166666666666666
2 0.254375 0.1375 0.05375 0.275
2 0.19153642193756049 0.1914175808132607 0.05211218274542546 0.3439771963603064
2 0.585625 0.15416666666666667 0.07125 0.30833333333333335
2 0.368125 0.10416666666666667 0.04125 0.20833333333333334
0 0.30670285113527007 0.43253167312169294 0.03154452763417964 0.0694406561894895
0 0.078125 0.5116666666666667 0.03125 0.03666666666666667
0 0.07331729890781019 0.07712540766665425 0.023957260187015307 0.048974898704012046
0 0.18843729164766118 0.04248379288933279 0.018303171037960482 0.04195891392323726
0 0.25125 0.0008333333333333334 0.025 0.0016666666666666668
1 0.1880078099944255 0.28411164643220965 0.018895445745273777 0.03449772704702705
0 0.0964746074958191 0.21148384229597553 0.022718168617910806 0.05139727245643248
1 0.25409096409203824 0.17503626843428166 0.018234084308955404 0.026125580589903923
1 0.32461778821397835 0.1931503854460353 0.016994992739850973 0.028547954342324336
1 0.29062821943895417 0.10695177392114047 0.014494992739850972 0.02839270184716516
1 0.369959585715372 0.11202250719983704 0.016987720452587212 0.02688128767565767
0 0.1571800193603974 0.046091115745488985 0.013215903590796075 0.02164840893291894
1 0.040908202498606376 0.05831035677039003 0.013219539734428026 0.022481742266252266
1 0.08841422467183697 0.48357745332432994 0.021351812021691643 0.02465297954218613
1 0.6021177882139784 0.17591735848336826 0.02011635659621902 0.027908686627939973
2 0.0975 0.35833333333333334 0.0925 0.3433333333333333
2 0.71625 0.10833333333333334 0.0325 0.21666666666666667
1 0.690625 0.9875 0.01875 0.025
0 0.4338356006284535 0.9388672794079992 0.03151543848512489 0.06277398952282283
0 0.6077892246718369 0.8814105643277708 0.03465861920328393 0.06713472180843837
0 0.6512305691678076 0.8062324587862753 0.03218407220870688 0.07281280264661272
0 0.5325 0.9675 0.04 0.065
0 0.4525 0.5458333333333333 0.0225 0.03166666666666667
0 0.5973395929755211 0.5554813470131101 0.021460896330647187 0.049652979542186226
1 0.05869867728447645 0.5639382597199096 0.017605448165323594 0.025253434132780795
0 0.055625 0.595 0.05375 0.13
2 0.81125 0.6441666666666667 0.07 0.22833333333333333