2 0.453125 0.14333333333333334 0.03375 0.2866666666666667
2 0.06375 0.014166666666666666 0.05 0.028333333333333332
2 0.62875 0.44666666666666666 0.075 0.36666666666666664
2 0.4975 0.325 0.055 0.33
2 0.5571567133982512 0.3021795580064954 0.06982146641955403 0.3763964051942575
2 0.7167995667562956 0.34341785107862205 0.07504566881573396 0.33737519740199257
2 0.7669384585889278 0.31540030951972964 0.05612106496827522 0.3302721541121205
2 0.85670631724571 0.30248037142367556 0.06923812602123718 0.3064254969691378
2 0.921875 0.4875 0.07625 0.285
0 0.67 0.6025 0.0325 0.055
0 0.713206327843185 0.19407663376267312 0.024797623084752446 0.040552743722726915
0 0.7617460119808996 0.1793633337622338 0.020728179817805312 0.05211758917731231
0 0.5593114884236966 0.17215046623161503 0.02154167019915839 0.035480014285525954
0 0.6309979980423435 0.15714203073312902 0.020444448565684753 0.041284255843978976
0 0.6058591062097115 0.1857414077896286 0.01984127404661713 0.042103043289872154
0 0.48400593169064376 0.18207162640545993 0.024863099527549438 0.04305274372272692
1 0.5477578965571374 0.37450500735721326 0.017638891832632026 0.029559405627551504
1 0.6188431965232102 0.5495983930708085 0.026607146641955383 0.03809638138504738
1 0.9071269224765931 0.5979998056222792 0.021541670199158317 0.03548001428552614
1 0.7205039244342497 0.41688209739891696 0.02609127404661706 0.042248502164273984
1 0.7631428162668817 0.3886900051907424 0.017638891832632026 0.029559405627551504
1 0.945023790347426 0.17779194544887356 0.01753770337500825 0.04954485974011135
0 0.9220753590613784 0.36153678137977496 0.028228179817805312 0.05229213982659445
2 0.959375 0.36833333333333335 0.08125 0.3433333333333333
0 0.9563670398580117 0.22224952986434385 0.024347226932211186 0.04720486450195343
2 0.340625 0.8516666666666667 0.10625 0.2966666666666667
2 0.206875 0.815 0.08875 0.37
2 0.43375 0.6758333333333333 0.0725 0.09166666666666666
2 0.146875 0.9283333333333333 0.09875 0.14333333333333334
2 0.04875 0.815 0.0975 0.37
2 0.145625 0.6766666666666666 0.06125 0.09333333333333334
0 0.14003961525412614 0.8881625679634736 0.02851191106992566 0.06312547315992788
0 0.21 0.6466666666666666 0.03 0.03333333333333333
1 0.197837233040141 0.9020153354954104 0.021607146641955382 0.037980014285525956
1 0.04349199746811127 0.8734079554102455 0.022682542794496677 0.031342439393739596
0 0.3455892349977976 0.7286796770525452 0.030946434627128667 0.0606836567096885
2 0.805 0.8291666666666667 0.145 0.3416666666666667
0 0.8171487744512131 0.6869999246683289 0.043206354336873004 0.05180790779182549
1 0.8000991441100667 0.9559338571359528 0.045357146641955524 0.03853275800825296
1 0.4948689941270302 0.8621106138487168 0.026926589908902655 0.026444260605820964
1 0.5592003431651656 0.8652755069217222 0.027551589908902656 0.02645880649326121
1 0.6912499470126243 0.8616780225049339 0.025742066351699577 0.028915168830940655