0 0.034494458162908685 0.28894882737704697 0.02824804658516598 0.05225947404808759
2 0.25125 0.2758333333333333 0.105 0.12833333333333333
0 0.23499375395672886 0.2429811261659597 0.030944575757477253 0.05739529697330246
0 0.556875 0.3233333333333333 0.03625 0.03333333333333333
2 0.423125 0.22083333333333333 0.09125 0.23833333333333334
0 0.4322804156484489 0.13121404735284292 0.02673600768875076 0.04552489591881368
0 0.4112623573038261 0.12233458648586416 0.02121192989592032 0.03191991673505091
1 0.419375 0.33416666666666667 0.02375 0.011666666666666667
2 0.488125 0.17 0.08125 0.34
0 0.47625 0.023333333333333334 0.0225 0.04666666666666667
1 0.4883427227490644 0.26679696645057854 0.02269121393028371 0.037821161530991576
2 0.095625 0.21666666666666667 0.09875 0.24666666666666667
0 0.07972022116637287 0.11696383501217521 0.02772396879233554 0.03892614071475435
0 0.064375 0.023333333333333334 0.02125 0.04666666666666667
0 0.07722819402941454 0.06949779074347888 0.026307536861062176 0.05049094018751001
2 0.139375 0.17583333333333334 0.07625 0.3283333333333333
0 0.13802228358170182 0.038636173344415 0.021176517412854423 0.04688596100374724
1 0.14992824423262505 0.24593243895659295 0.02262570420617976 0.03615449486432501
0 0.1475 0.008333333333333333 0.0275 0.016666666666666666
0 0.20625 0.0125 0.0275 0.025
2 0.203125 0.16416666666666666 0.07625 0.3283333333333333
1 0.21818692130184658 0.22969730851318862 0.02058692989592032 0.03188596100374733
2 0.278125 0.18916666666666668 0.07875 0.3016666666666667
0 0.27657043916736257 0.05783257912427307 0.0206851944820761 0.03438596100374724
1 0.2773220067834278 0.28410733696455415 0.023875704206179762 0.03622240632693244
2 0.345 0.16583333333333333 0.0875 0.33166666666666667
0 0.348125 0.015833333333333335 0.02375 0.03166666666666667
1 0.3531488511977669 0.2532641153475354 0.020783459068231737 0.03688596100374734
0 0.72125 0.013333333333333334 0.1 0.02666666666666667
2 0.83 0.17 0.34 0.34
2 0.13375 0.8633333333333333 0.105 0.2733333333333333
2 0.37924570737156293 0.6011461358902356 0.08445020940691605 0.3397042867019523
2 0.033125 0.55 0.06625 0.33
2 0.444375 0.4508333333333333 0.11625 0.22166666666666668
0 0.11776994436809879 0.784879811286179 0.03521865355030769 0.0709323646944578
0 0.022241482134483945 0.4100934339576865 0.02282223337849125 0.04115449486432501
1 0.03391815875104392 0.6115563662365311 0.019140400723608907 0.026818049541139904
1 0.3881488511977669 0.6683065785771988 0.021244684757972154 0.03275325006838424
0 0.3746653419263246 0.4527448910942949 0.022328252826698786 0.04445387246635463
2 0.114375 0.395 0.06625 0.11
2 0.02125 0.4008333333333333 0.0425 0.12166666666666667
0 0.8862153835354615 0.8556438523715792 0.04495395703287869 0.08060836733067958
0 0.8594298118486902 0.7159650139025708 0.03578080144721781 0.05350027615706514
0 0.8679310610573444 0.6294865216744677 0.03097733061952937 0.05822863030663579
0 0.9611490104014723 0.6586616958394942 0.03867385979184064 0.06363609908227981
0 0.7511250918123474 0.8128764231392622 0.037549563998020404 0.09850027615706514
0 0.749375 0.9541666666666667 0.05375 0.09166666666666666
1 0.96 0.9775 0.03 0.045