2 0.2 0.28 0.325 0.56
1 0.17497413881132914 0.38784301023052575 0.09681945386442237 0.10360501834816792
2 0.778125 0.1575 0.16375 0.315
1 0.7516725700973769 0.1865324057981504 0.04695635433687286 0.05579911483057117
0 0.8355971739448356 0.1707504689858689 0.027218260108060974 0.06362233390027522
1 0.4075 0.15083333333333335 0.015 0.03833333333333333
1 0.5437678162668816 0.12938860556625906 0.028460321161023074 0.039659740445823766
1 0.6708392455952727 0.10807965153969339 0.024535717313564333 0.032584927354726574
2 0.18875 0.78 0.365 0.44
0 0.3325 0.9733333333333334 0.0775 0.05333333333333334
2 0.5375 0.7175 0.0925 0.315
2 0.43125 0.6283333333333333 0.0625 0.13666666666666666
1 0.416875 0.5741666666666667 0.01625 0.028333333333333332
1 0.5313313013494972 0.7443387219171995 0.022101193756361395 0.034812829738439556