2 0.325 0.23 0.1 0.46
2 0.015 0.21916666666666668 0.03 0.43833333333333335
0 0.309375 0.0175 0.02625 0.035
0 0.328125 0.021666666666666667 0.02375 0.043333333333333335
1 0.30906842801935924 0.32700285869950735 0.02706044332522424 0.04270847223489265
2 0.761875 0.24 0.24375 0.48
1 0.8007757487076165 0.295948175375465 0.07404452763417964 0.06807208659807733
1 0.5103099056180624 0.04370346270673797 0.02636999273985097 0.027703624043383477
1 0.5803317224798534 0.049246460155760494 0.02761999273985097 0.027713320426401726
1 0.02793758734985474 0.6429514374165859 0.02763453731437835 0.03104665375973506
1 0.15854440663169553 0.6397980427753274 0.02763090117074647 0.03021332042640173
1 0.1965894114717949 0.6217604491240509 0.02574862888348292 0.028532109185207634