2 0.120625 0.4008333333333333 0.12875 0.19833333333333333
2 0.05330444083877474 0.19756807921813727 0.08516490691924773 0.36146913463145824
2 0.19315138592961334 0.20332635800473792 0.08428481540397868 0.35728792207735144
2 0.185 0.0775 0.105 0.155
2 0.08375 0.05416666666666667 0.11 0.10833333333333334
0 0.1176160547738192 0.35345116060274534 0.02956618969849785 0.054777593939154295
0 0.137042073076873 0.3530687497800576 0.02746155575957431 0.07137153116862009
0 0.19463060726708462 0.05648514068878906 0.026453970061852204 0.04471941038939358
0 0.06566375369151511 0.04680747532200485 0.027270262910713185 0.05805274372272692
1 0.03881483017003912 0.2706686783524277 0.022461658909937298 0.030480014285525953
1 0.18969492168530822 0.2700075705588447 0.022716750425206413 0.03464668095219262
0 0.07877648907997646 0.24155597748627874 0.023686098183228806 0.050480014285525954
1 0.509375 0.32 0.01875 0.04
1 0.5418633542906399 0.304776728999513 0.03136471381909871 0.033183656709688494
1 0.177807141321954 0.6599869142824505 0.02886471381909871 0.03312547315992778
1 0.24890408641279252 0.6641451454506311 0.030790732122152633 0.03400244415558167
1 0.991875 0.7108333333333333 0.01625 0.041666666666666664
1 0.6515570381715909 0.6366057255375536 0.027359622303829666 0.028929714718380715
1 0.7207279649593755 0.641553652376747 0.029183604000775888 0.028140019047367938
1 0.8638019466563217 0.6457179939338819 0.02688767721299115 0.03141516883094065
1 0.9807152877463844 0.6784817125475162 0.026938695516045073 0.03224850216427399