1 0.06303032383610159 0.44011706340868384 0.02854815558566088 0.028802256807232803
1 0.18572685300841293 0.4446301467621144 0.027066213930283568 0.03865664838855764
1 0.22009919538739908 0.4314177649649304 0.02867917503386849 0.032135590140566134
2 0.4214687209416658 0.49892087546690267 0.08038681230135168 0.4440688167620569
2 0.5684286974227521 0.4284175208986495 0.07960866847514779 0.3767144251807319
2 0.6598637327011226 0.5583920863906306 0.11417222478441744 0.43173830443776445
2 0.7773477869750394 0.47222566379024483 0.09483795250951105 0.383712625863465
2 0.8541059190417866 0.36952252264567664 0.06763806151000608 0.3575074413353488
2 0.96875 0.2991666666666667 0.0625 0.3416666666666667
2 0.5034233821807244 0.391606023438801 0.06122694482076028 0.337070616079324
0 0.6612810280422814 0.3787885944679392 0.03189712437799642 0.06644786522590759
0 0.7886367204890044 0.31261395290671146 0.026899781999010202 0.05027477891566605
0 0.776892739937212 0.30835843292177 0.022590291723114008 0.05160169260542451
0 0.8586836268660111 0.20521024756033499 0.02101274310259498 0.04317128699297456
0 0.9835419769337477 0.1547233309137656 0.02160498824054315 0.04238648979919958
1 0.9925 0.3475 0.015 0.025
1 0.8410623744919735 0.4621278138856351 0.023283459068231878 0.03753209821787455
1 0.7727895459077974 0.5562952581777949 0.02321794934412793 0.035865431551207694
1 0.6169157951164516 0.6302857734588982 0.024500704206179762 0.03679583716365793
1 0.5603169855278216 0.5071958984488496 0.022000704206179764 0.03660169260542451
1 0.41339242152980105 0.5927477891566612 0.02206621393028364 0.03826835927209118
0 0.4382463197653954 0.31131558422694416 0.0356497819990102 0.05095428486948255
0 0.4713305920403018 0.2670757245381935 0.024661820895425422 0.05674730102409948
0 0.49629517955723607 0.2539686339809679 0.023676517412854564 0.047532098217874554
0 0.5123787476259626 0.24351537080325925 0.02074804658516598 0.05228941752008287
0 0.5446007630034642 0.15741469988960863 0.020783459068231737 0.037337953659641224
0 0.6472043428316476 0.19463836572295634 0.02249202713695837 0.04910169260542451
0 0.6618493545911045 0.23673363868480599 0.025783459068231734 0.03772624277610779
0 0.6682737593854194 0.2965798113052891 0.026438556309269643 0.05439290944277445
0 0.698653529624973 0.20950019863963015 0.02219723337849132 0.041601692605424505
0 0.7247344400726857 0.18394164422196296 0.02489376255080259 0.04679583716365774
0 0.7663500587972842 0.2097421017119287 0.02489376255080259 0.04679583716365774
1 0.3232569502494509 0.36591241243978 0.04469723337849125 0.04334899362952408
2 0.37125 0.07083333333333333 0.08 0.14166666666666666
2 0.415 0.89 0.07 0.22
2 0.31625 0.89 0.055 0.22
2 0.471875 0.89 0.07875 0.22
2 0.559375 0.89 0.08375 0.22
2 0.684375 0.89 0.08625 0.22
2 0.789375 0.8675 0.07625 0.175
1 0.2925 0.93 0.0075 0.03
1 0.4016112342838143 0.9369555506275372 0.018679175033868418 0.03135901190763292
1 0.4587810280422813 0.9338723393273444 0.02042315558566081 0.028171286992974557
1 0.5475310280422814 0.9407644711446257 0.01996192989592032 0.032289417520082866
1 0.665 0.9941666666666666 0.0175 0.011666666666666667
1 0.8001434441433918 0.845866651882612 0.015884381275401295 0.023664867349399685