2 0.86125 0.115 0.1775 0.23
1 0.53375 0.16916666666666666 0.0275 0.03166666666666667
2 0.4408319626034574 0.7831197849239611 0.08337445550603462 0.39101300027353714
2 0.261875 0.8208333333333333 0.08625 0.35833333333333334
2 0.16625 0.7941666666666667 0.075 0.4116666666666667
2 0.4058696388924382 0.5659565064042111 0.05419537603436197 0.34028436996690137
2 0.45888598876512887 0.5039375583080358 0.059740378166762156 0.3314233048819678
2 0.04848512367920249 0.7153112732473061 0.0692758117759253 0.42189868512021916
2 0.12002006610440134 0.46404218707259826 0.04968947043283485 0.3250466798477756
2 0.194375 0.3408333333333333 0.04625 0.22166666666666668
0 0.03172735996181994 0.5596293227884462 0.024745899204327067 0.04382427352084335
0 0.0524978106301835 0.5418421169887582 0.02109044213876338 0.05445387246635467
1 0.03849195833865737 0.7866539425501946 0.02096680907065437 0.040287205799688
1 0.15745154818589463 0.9709338197419186 0.023474081604072553 0.04125636205823601
1 0.246875 0.9816666666666667 0.02375 0.03666666666666667
0 0.055 0.9725 0.0375 0.055
0 0.16796964955443847 0.6246930176329412 0.026722714672181524 0.05559280738142112
0 0.24990239194782057 0.685210861100856 0.02349589920432706 0.04375636205823601
0 0.26185011728200236 0.676232368872753 0.021119532272436105 0.057787205799688005
0 0.43291874182051115 0.6161291208935161 0.02228226187141786 0.04785511726229534
0 0.4040100597072012 0.42112628506072963 0.01969499147039983 0.03771929433708067
0 0.4544755018459646 0.3650764932231022 0.02417180693825429 0.049623651122873015
1 0.4551864586250928 0.5699406702978874 0.01898999360279987 0.02851867193911024
1 0.43300426072567616 0.8926599646349681 0.02342317387014532 0.03542302872490268
1 0.11577553383196523 0.5209125881270871 0.017100448535963507 0.02675013807853257
1 0.18679368851051018 0.40044287955440866 0.016446358402290855 0.023382849013895566
1 0.28905325703374696 0.4940068505559689 0.025988626670908913 0.04305885165011735
0 0.4476373023870188 0.28965062866541297 0.017144083736472453 0.03175013807853257
0 0.4741491135900732 0.2582244879506586 0.017158628803308887 0.03341680474519924
0 0.19625 0.235 0.02 0.01
0 0.12182321651814615 0.3290082313412946 0.019724081604072553 0.041052627670413906
2 0.23959054875876554 0.5783220642643222 0.0665571978994167 0.3251301512596416
0 0.23826142663909217 0.4442912205228703 0.02542907947167251 0.050524895918813685
2 0.2825 0.275 0.045 0.09
2 0.34125 0.27666666666666667 0.045 0.09333333333333334
2 0.5425 0.5641666666666667 0.045 0.39166666666666666
2 0.6287550831636017 0.40744350613067404 0.05914446830043488 0.3347226824839975
2 0.598125 0.2733333333333333 0.05125 0.08666666666666667
0 0.526875 0.3983333333333333 0.01375 0.06666666666666667
0 0.622535049045201 0.2611843082396515 0.019099081604072553 0.04101867193911024
1 0.52375 0.6291666666666667 0.0075 0.035
1 0.6219523706238201 0.47111639677704414 0.017790901336727102 0.034284093809836234
1 0.59640868211331 0.24844378228773925 0.013960903469127145 0.02491369275534751