1 0.06059802275042955 0.20007465453003856 0.0313524257059629 0.033808472183321024
1 0.1845116935342712 0.1906547057076396 0.028154683135366555 0.030426655293866435
1 0.2230367776725508 0.17172987298962775 0.025818353919208333 0.03788786844896947
2 0.925 0.2525 0.14 0.415
0 0.9388083145422382 0.07404213248466088 0.04439799498543493 0.05900240640780571
1 0.9263866935342712 0.32831546297479414 0.04848202470304983 0.04573695005304197
1 0.522628126577194 0.22045165860388166 0.02499331185006838 0.02871150507107861
1 0.5912508270786506 0.22521835370254892 0.023888796991261074 0.035358778315296796
1 0.7243030845080543 0.2264862875451197 0.026977425705962902 0.033740595204751284
1 0.8386665870153368 0.25386875934652675 0.026261497492717466 0.029564231826860427
1 0.2694025796783767 0.5501128575429844 0.024975126207419436 0.02787817173774518
1 0.10957293861214995 0.5734188522384983 0.02763879699126104 0.035416958582642336
1 0.23284342375334255 0.5648419334606568 0.029495611348611988 0.03461271538298168
2 0.8175 0.6825 0.185 0.445
1 0.798675153972414 0.7577833115213632 0.04853658163099709 0.048236950053041974
1 0.5351893716550729 0.6352474438362217 0.025600126207419294 0.02788786844896947
1 0.6032598147271258 0.6366905023127797 0.025691054420664727 0.032054535115636135
1 0.7395825572977219 0.6312432859325627 0.026225126207419295 0.02789756516019376
1 0.9130348988654052 0.613557296923449 0.027402383636822947 0.024583625249308814