2 0.01625 0.17833333333333334 0.0325 0.3566666666666667
2 0.06119808267377806 0.2660190770604539 0.07108118381369465 0.38566489307300533
1 0.06009459817511143 0.3460772606102146 0.024506445896555533 0.04388607705606015
2 0.16145940676197248 0.24284385584925136 0.08243301306900022 0.3917600523802619
0 0.16728545243105572 0.07514021342508888 0.029710104407166683 0.05566911082224834
1 0.18574816967975033 0.3089723246806314 0.02443371071419449 0.039719410389393486
2 0.2225 0.18166666666666667 0.065 0.36333333333333334
1 0.2208931174761669 0.280643209096541 0.021250522568305712 0.03631334761885947
0 0.21834581838861125 0.027266238100887154 0.02443371071419449 0.039719410389393583
0 0.208125 0.019166666666666665 0.02375 0.03833333333333333
2 0.131875 0.08916666666666667 0.05625 0.17833333333333334
2 0.08875 0.15083333333333335 0.07 0.3016666666666667
0 0.07625 0.0225 0.025 0.045
2 0.05875 0.04583333333333333 0.0425 0.09166666666666666
2 0.03625 0.10666666666666667 0.0575 0.21333333333333335
2 0.24 0.145 0.055 0.29
2 0.69375 0.3425 0.5075 0.315
0 0.5652805742394169 0.2467689203485686 0.10883884992375009 0.11498734675227107
1 0.8862718629927503 0.4393796095289565 0.02928824034947226 0.03150244415558177
2 0.279375 0.6241666666666666 0.08625 0.24833333333333332
2 0.120625 0.8425 0.10625 0.315
1 0.2822885878408891 0.6166736419952621 0.02678824034947212 0.031444260605820964
0 0.520625 0.5366666666666666 0.09875 0.07333333333333333
2 0.6275 0.75 0.375 0.5