1 0.3394639342658752 0.36353921387303845 0.06591589149054783 0.07432192472518485
2 0.3525 0.2925 0.215 0.585
1 0.18460491045816177 0.12730772322918615 0.02263090117074654 0.03262465990577766
1 0.4954080814961223 0.13190616841886593 0.02701317345801016 0.034801677109679
1 0.5552408188890573 0.0865737420034587 0.028259537314378348 0.0341141582155555
2 0.83625 0.315 0.2675 0.63
1 0.8385666401981644 0.4106863886891373 0.08224225050681654 0.09371751243491341
1 0.618125 0.13666666666666666 0.01625 0.03666666666666667
2 0.35875 0.815 0.2375 0.37
0 0.341875 0.6483333333333333 0.05875 0.03666666666666667
1 0.421875 0.9625 0.07625 0.075