2 0.025625 0.3525 0.05125 0.365
2 0.228125 0.6458333333333334 0.14625 0.16833333333333333
2 0.0749080200582597 0.1983522918750837 0.060369573924262454 0.3070892241819513
0 0.01125 0.20916666666666667 0.0225 0.045
1 0.00625 0.43583333333333335 0.0125 0.03833333333333333
1 0.06367808450805434 0.2840073891161217 0.019459240063313815 0.033810194482076006
0 0.07463816595416403 0.06773732428876303 0.01640698263391016 0.0369251620683967
0 0.25023325816895325 0.6287583729852668 0.03822073755603128 0.06424338248141623
0 0.22572427052047814 0.6080052989613682 0.041418480126627626 0.06779508156176216
2 0.01625 0.051666666666666666 0.0325 0.10333333333333333
2 0.071875 0.05416666666666667 0.05625 0.10833333333333334
1 0.5439776217475165 0.28045923353046087 0.023706940564770348 0.02828257319456043
2 0.1275 0.865 0.12 0.27
2 0.03125 0.7916666666666666 0.0625 0.12333333333333334
1 0.0075 0.745 0.015 0.03
2 0.29375 0.8633333333333333 0.095 0.26666666666666666
1 0.2928423720248476 0.8515392805682883 0.027857024703049973 0.04687794542430898
2 0.970625 0.845 0.05875 0.23
2 0.8825 0.775 0.0725 0.09
2 0.803125 0.845 0.07625 0.23
2 0.675625 0.8591666666666666 0.08125 0.25833333333333336
1 0.6662564635000873 0.8624622626267874 0.023943353919208262 0.03911590652789376
1 0.7869790798632641 0.8781563383093626 0.019513796991261073 0.03631019448207591
1 0.9853768645030001 0.8518119499487591 0.026497910847155453 0.04179059912550391
1 0.6141249856958546 0.7920514868087387 0.019350126207419365 0.02881019448207591
0 0.53625 0.8441666666666666 0.0125 0.06166666666666667
2 0.555625 0.9041666666666667 0.05125 0.19166666666666668
2 0.623125 0.8066666666666666 0.06875 0.15333333333333332