2 0.026875 0.39916666666666667 0.05375 0.26166666666666666
2 0.145625 0.115 0.06625 0.23
2 0.3325 0.08833333333333333 0.0775 0.17666666666666667
2 0.02875 0.18 0.0575 0.3566666666666667
0 0.005625 0.30083333333333334 0.01125 0.051666666666666666
0 0.021875 0.032564899037773806 0.025 0.053802763725852194
1 0.14875 0.1367242064624073 0.016875 0.0264418655149503
1 0.024375 0.2506846226651886 0.019375 0.030822141887535393
2 0.664375 0.18166666666666667 0.08625 0.36333333333333334
1 0.654375 0.2171549529125129 0.025 0.04296943039251876
2 0.8475 0.36916666666666664 0.1175 0.32166666666666666
0 0.851875 0.256946452811614 0.03375 0.0878837310299006
1 0.18375 0.5578357433739366 0.031875 0.0368901904171283
2 0.20625 0.5983333333333334 0.115 0.13666666666666666
0 0.69125 0.794585554600712 0.026875 0.053962971005291065
2 0.689375 0.8825 0.08125 0.235
2 0.8025 0.875 0.0725 0.25
2 0.7625 0.6641666666666667 0.0475 0.2683333333333333
0 0.696875 0.6491049327623952 0.02 0.0408755443140151
0 0.764375 0.5416666666666666 0.01625 0.023333333333333334
0 0.81 0.7819390935695807 0.019375 0.04998880855420206
0 0.7975 0.7738404754325069 0.020625 0.0409289467404947
0 0.66875 0.6956747086206456 0.024375 0.052916027966039204