0 0.07375 0.019166666666666665 0.0975 0.03833333333333333
2 0.14 0.27 0.28 0.54
2 0.6732536288364471 0.3550023294258737 0.17436139443374088 0.3522006377920555
1 0.6371441096829805 0.42094853866410603 0.03989786024352924 0.04295544011188345
0 0.6921818318708647 0.21017933567793146 0.0383289700618522 0.047766001439622605
0 0.7375012378043573 0.4252186011846841 0.029311098183228808 0.05265214141165169
1 0.3877179882295636 0.35550061035706676 0.024604530788560623 0.026503076957883613
1 0.4218123359875861 0.34301402690034155 0.02621165890993723 0.03246270273939084
2 0.5014807685929179 0.7460460297795868 0.10436129128337783 0.38570900913130307
2 0.348125 0.7075 0.09375 0.335
2 0.77125 0.6058333333333333 0.14 0.13166666666666665
0 0.354375 0.5466666666666666 0.02625 0.013333333333333334
0 0.5133553559914655 0.5829021351185143 0.027078970061852205 0.04662936940605751
1 0.33260337756082803 0.7927087599539664 0.022193787031313975 0.03785401250411572
1 0.4901417186508907 0.8388110470961375 0.021772860243529236 0.041124199613362104
2 0.3925 0.6475 0.075 0.215