2 0.6975 0.35583333333333333 0.105 0.34833333333333333
2 0.546875 0.4683333333333333 0.12375 0.12333333333333334
2 0.365 0.36916666666666664 0.1075 0.32166666666666666
2 0.530625 0.165 0.08625 0.33
0 0.37462715393007445 0.23619558743762936 0.02422625783225925 0.0365121950353704
0 0.5377269380207038 0.022393265148481056 0.022163701149888766 0.043101277507518534
0 0.7084629993212226 0.21502416018470305 0.024858907370444428 0.05565946565340747
0 0.5575821636188896 0.45173310273733286 0.03314794861455539 0.058411614285592654
1 0.3545277099336674 0.4854786303960738 0.022187216588148147 0.033954006889481435
1 0.3418296695945929 0.16569268368874054 0.028843494929333316 0.030834030091074095
1 0.5255020405653337 0.21820720243318475 0.02112477327051849 0.027267944174185176
1 0.6951450603954822 0.49403565846233266 0.02694497949107401 0.0399231125632222
2 0.469375 0.6758333333333333 0.28125 0.2916666666666667
1 0.4996141221485193 0.6399098741661475 0.06597603110277774 0.06442020881433336