2 0.165 0.20416666666666666 0.33 0.4083333333333333
1 0.6784981655928329 0.30156819329149925 0.02667295434232443 0.03218949948566509
1 0.7485563852785176 0.30588259839055204 0.03261816261359016 0.04183678799064865
1 0.8875683738640988 0.3102379370690316 0.03255994292790547 0.040170121323981976
2 0.989375 0.27166666666666667 0.02125 0.2633333333333333
2 0.104375 0.615 0.20125 0.41333333333333333
1 0.13737140529563022 0.6667047402780875 0.050496590570540574 0.05416538926541174
0 0.435625 0.9866666666666667 0.03875 0.02666666666666667
1 0.64 0.9866666666666667 0.025 0.02666666666666667
1 0.7151488104237429 0.9474399054017495 0.024464052770747743 0.04030922311307999
2 0.57375 0.8825 0.1125 0.235
0 0.5766900014896215 0.622176725473116 0.025642139784752372 0.05619595887289288
0 0.5278064223334998 0.6756715434871432 0.024900700413382992 0.05280922311307999
0 0.6298851912333961 0.6785428056699909 0.029683238213175686 0.06484970676510406
0 0.5727105692313242 0.5566427012083197 0.024900700413382992 0.052809223113079944
0 0.5189588459891035 0.5879902307173634 0.02495892009906754 0.054475889779746656
0 0.7275889601332927 0.681040250867481 0.02376713978475209 0.05603575159345402
0 0.718125 0.8225 0.09375 0.355
0 0.3664914023163873 0.5022464289504133 0.022546249627594647 0.05676228007382804
0 0.44039547510424754 0.6297550655937013 0.023738029941909815 0.05520241826012068