2 0.16125 0.18 0.12 0.36
1 0.151875 0.3408333333333333 0.03375 0.03833333333333333
2 0.8375 0.2375 0.1375 0.245
2 0.650625 0.07333333333333333 0.06125 0.14666666666666667
0 0.8317058430563545 0.17952930337367698 0.047123750791345745 0.08651210311902996
1 0.625 0.014166666666666666 0.01 0.028333333333333332
2 0.08625 0.78 0.11 0.44
2 0.19021240750703666 0.653166153914717 0.10597905743929978 0.43971026632717497
2 0.5619015088187808 0.5790244905580656 0.08756192130184658 0.41610542507956305
2 0.605 0.8125 0.03 0.375
2 0.4825 0.4041666666666667 0.0675 0.08833333333333333
2 0.014375 0.4775 0.02875 0.235
2 0.254375 0.4825 0.08375 0.245
0 0.558016968339674 0.40064267366861106 0.024301517412854422 0.04618241493740584
0 0.5062286716405309 0.8650620386590591 0.04209365355030769 0.06977755947379365
1 0.08687845363954107 0.9199309553575282 0.029959272274906468 0.0471030186717572
1 0.185264629126071 0.7341255444939655 0.02519121393028364 0.03703514169318775
1 0.230372660786397 0.48160556723956593 0.018777439620024126 0.032771507914278575
0 0.07117558661161119 0.5999794389136494 0.026405801447217846 0.05204483840441185
0 0.055 0.3725 0.025 0.025
0 0.06875 0.37166666666666665 0.02 0.023333333333333334
0 0.17432450520073617 0.4557922111606321 0.02472998824054315 0.041192111648630125
0 0.48376142650258275 0.866244453596465 0.03018589868825586 0.06875998862719977
2 0.488125 0.9141666666666667 0.12875 0.17166666666666666
2 0.695 0.8408333333333333 0.13 0.31833333333333336
2 0.690625 0.4608333333333333 0.06125 0.20166666666666666
2 0.63625 0.4666666666666667 0.0325 0.21333333333333335
2 0.95375 0.49 0.0825 0.26
2 0.7325 0.43416666666666665 0.05 0.14833333333333334
0 0.6865633297142062 0.7322814178655072 0.03390314382620403 0.06798483556121179
1 0.625625 0.4708333333333333 0.01125 0.025
1 0.6940704391673626 0.49368627332911946 0.01795591044771271 0.027761811203054473
1 0.6562234237898611 0.40588625911311915 0.01545591044771271 0.02772302435815746
1 0.7359914821344838 0.414654776787641 0.017890400723608906 0.026095144536387713
1 0.9715704391673625 0.4893809335455581 0.02104815558566088 0.026976961425842206