2 0.038125 0.455 0.07625 0.19
2 0.17 0.13 0.0725 0.26
2 0.0125 0.125 0.025 0.25
1 0.004375 0.155 0.00875 0.02666666666666667
1 0.1781658166679407 0.16769170523541746 0.018555661035393457 0.024302416028922285
0 0.1625 0.008333333333333333 0.0225 0.016666666666666666
0 0.010625 0.4066666666666667 0.02125 0.04666666666666667
2 0.224375 0.0575 0.08875 0.115
2 0.024375 0.09416666666666666 0.04875 0.18833333333333332
2 0.764375 0.3016666666666667 0.33625 0.49666666666666665
1 0.746875 0.5258333333333334 0.09875 0.04833333333333333
1 0.18223493851284872 0.7101863014376714 0.06985997258283674 0.06885208982481003
2 0.19125 0.7375 0.245 0.375
2 0.75 0.7183333333333334 0.1 0.33666666666666667
2 0.51 0.665 0.04 0.23
2 0.59625 0.6866666666666666 0.0825 0.2733333333333333
2 0.67125 0.5833333333333334 0.0675 0.06666666666666667
1 0.49375 0.6683333333333333 0.0075 0.03
1 0.60195046911525 0.7153570993529648 0.019581084186749535 0.03347393088709812
0 0.743125 0.5558333333333333 0.02375 0.011666666666666667
1 0.7490494627447739 0.7909086819725316 0.022815290500755765 0.0359981718446439
0 0.63 0.9691666666666666 0.0475 0.06166666666666667
2 0.64625 0.9716666666666667 0.1325 0.056666666666666664
2 0.63375 0.6358333333333334 0.0725 0.17166666666666666