2 0.12125 0.24833333333333332 0.0925 0.18333333333333332
2 0.11375 0.1025 0.0575 0.205
0 0.011875 0.27666666666666667 0.02375 0.05
0 0.11926024972266895 0.19927607538103673 0.031000210345698987 0.04676434366755567
1 0.275125420691398 0.033496749647147675 0.01365238363682309 0.024573983687888917
2 0.271875 0.0575 0.05125 0.115
2 0.176875 0.8225 0.09375 0.355
2 0.3318551602000497 0.7582425107417401 0.08048161831579734 0.4538584201618149
2 0.46275670245407696 0.594905693619703 0.05974269511711668 0.3907571426542963
2 0.5125 0.5025 0.0625 0.325
2 0.015 0.56 0.03 0.39
2 0.083125 0.525 0.06375 0.37
0 0.3276360911054649 0.5649091774084068 0.026752509844242524 0.052461904660481576
0 0.3724513041433337 0.41174901499725863 0.024804767273646177 0.049070383181259274
0 0.46024227442571886 0.4223669015224437 0.024622910847155594 0.04073704984792594
0 0.503125 0.35833333333333334 0.01875 0.03666666666666667
0 0.13686267542863184 0.420727991997296 0.02717746777510271 0.04331463404244441
0 0.17178429643659895 0.67398304437837 0.028772994985435077 0.059186759473037115
0 0.214028645711017 0.43167561134918475 0.021588839060400888 0.04480673627144446
0 0.425625 0.3516666666666667 0.01875 0.023333333333333334
1 0.29736330646572884 0.5533401877426292 0.02080016827655925 0.03728734022281486
1 0.174375 0.9883333333333333 0.02875 0.023333333333333334
1 0.3304396106090626 0.8366728243182217 0.025781982633910162 0.036609175278518556
1 0.45905938057487844 0.683413591390703 0.023961539561857422 0.03905098713262968
1 0.5117134326731483 0.5742067391112955 0.0213524257059629 0.03397340293811112
1 0.4281089178143408 0.5834724762943327 0.019441054420664728 0.03224854812555558
2 0.423125 0.49583333333333335 0.05375 0.31166666666666665
2 0.37715657624665744 0.5700435562333327 0.06673349712294283 0.36765656190451856
2 0.2204931158085148 0.6132646938213329 0.0661018089730112 0.3959511031405926
0 0.22562605172849487 0.36126829432796254 0.02142516827655925 0.03730673627144446
0 0.07808968044319677 0.36417909513788854 0.027268395988348005 0.04748130070911107
1 0.09244085837911108 0.6205742171237404 0.022584240063313814 0.03317886170203716
1 0.12677279894388144 0.646193497164407 0.023870611348611986 0.034884320465963015
1 0.005 0.64 0.01 0.03
0 0.005625 0.3475 0.01125 0.015
0 0.130625 0.35083333333333333 0.02625 0.021666666666666667
0 0.291875 0.3491666666666667 0.02125 0.018333333333333333
2 0.8567077962517115 0.7108034859185921 0.1090248880967259 0.47389790901681506
2 0.9675 0.84 0.065 0.31666666666666665
2 0.975625 0.6641666666666667 0.04875 0.42833333333333334
0 0.855625 0.3466666666666667 0.02125 0.013333333333333334
0 0.8469977148056018 0.49512532097429585 0.029452551913382193 0.06170615552166661
0 0.9925 0.4816666666666667 0.015 0.05
0 0.98625 0.7058333333333333 0.0275 0.051666666666666666
1 0.8517422887298642 0.7985168424535181 0.027122910847155454 0.04081463404244459