0 0.23262785892771404 0.3465034381376137 0.04807837842423851 0.05871319480092675
2 0.24 0.4041666666666667 0.1875 0.19166666666666668
0 0.5009422975999749 0.37692650160424696 0.035256185062934264 0.04084674987660814
1 0.05375 0.49083333333333334 0.0275 0.018333333333333333
2 0.7405936074778215 0.27961557909677776 0.11607579038132201 0.4351158282741144
2 0.53375 0.13083333333333333 0.0275 0.26166666666666666
2 0.5725 0.16666666666666666 0.085 0.3333333333333333
2 0.616875 0.12416666666666666 0.06625 0.24833333333333332
2 0.67625 0.14916666666666667 0.08 0.29833333333333334
2 0.82625 0.18083333333333335 0.09 0.3616666666666667
2 0.900625 0.17333333333333334 0.10375 0.3466666666666667
2 0.960625 0.19 0.07875 0.38
0 0.7291139191757362 0.09948928664860385 0.029423097760369003 0.05848547474498503
0 0.749375 0.02 0.02625 0.04
0 0.96125 0.015 0.0275 0.03
1 0.5787846157761913 0.24255366617309923 0.023911465726804016 0.03804345117637657
1 0.6676092102974096 0.16535893311947453 0.021894386722608416 0.03535401250411553
1 0.7676479837426262 0.24175011829553086 0.02300230771841285 0.03298030495228943
1 0.8305167986796919 0.2108173256005733 0.020360228714217214 0.03022772005594182
1 0.8919849483897133 0.24271269644625343 0.020691746390673556 0.036061053389275156
1 0.9749585450703654 0.25938133135906366 0.021847027054543274 0.0345206791707822
1 0.75101125826756 0.35358037467098047 0.02391146572680398 0.03804345117637657
1 0.613565727973866 0.1656985449572435 0.02050230771841271 0.032727720055941725
2 0.385625 0.8166666666666667 0.14625 0.36666666666666664
0 0.3792265490498674 0.6643116574532043 0.040350904399064975 0.0430185863359704
1 0.3449585450703654 0.8704721702041036 0.043381185062934265 0.04166765078973848
1 0.07468371137712651 0.8274228142892965 0.027860228714217214 0.030985474744985215
1 0.10926679867969184 0.812688815728919 0.027187869046152002 0.030088995187564933
2 0.750625 0.6666666666666666 0.10375 0.3333333333333333
2 0.62125 0.5641666666666667 0.0875 0.12833333333333333
2 0.555625 0.6733333333333333 0.07125 0.3466666666666667
1 0.618125 0.5091666666666667 0.01875 0.018333333333333333
1 0.5357830461500824 0.7022657522622859 0.02242466738647792 0.033750492061536005
1 0.7488793351123217 0.7014249071241084 0.023097027054543275 0.03464697161895629
0 0.53 0.8875 0.02 0.07833333333333334
2 0.56 0.9225 0.08 0.155