2 0.1575 0.3416666666666667 0.0775 0.15666666666666668
2 0.025 0.28833333333333333 0.05 0.2633333333333333
0 0.09560604433557174 0.3908739617472639 0.02785104135632878 0.04807623524547808
0 0.23793310852073846 0.37210957679832873 0.025351041356328777 0.04786262553955955
0 0.19837837237447736 0.17649113057216884 0.018809942927905467 0.03899526794142986
0 0.089375 0.011666666666666667 0.01875 0.023333333333333334
0 0.2558423695627521 0.3259980398867993 0.02529282167064423 0.046195958872892975
0 0.05777223540145045 0.07420857248185211 0.020801382299274848 0.04248880855420211
1 0.008125 0.4116666666666667 0.01625 0.016666666666666666
0 0.06520539950466202 0.2562167591977375 0.020626723242220635 0.037488808554202155
1 0.16563697005809006 0.055007054076536895 0.01373630669968918 0.018621450956072393
0 0.015 0.011666666666666667 0.015 0.023333333333333334
0 0.760625 0.4066666666666667 0.03625 0.02666666666666667
2 0.630625 0.2941666666666667 0.08875 0.25166666666666665
0 0.6525272939631663 0.2018748616020693 0.02654282167064423 0.046302763725852195
0 0.6322516120772745 0.19011258152824126 0.021702064185166705 0.03259561340716137
1 0.623125 0.4075 0.02375 0.025
2 0.705 0.24416666666666667 0.08 0.3516666666666667
0 0.7050324636898287 0.09854025086748104 0.022967480727698445 0.05098234916697436
1 0.6983200600513375 0.3445337914802533 0.022530833085063193 0.03848234916697436
2 0.500625 0.2525 0.06125 0.335
0 0.5016591684045584 0.1062378646880784 0.02053939371369367 0.03498880855420206
1 0.4862121813085987 0.3330970355703227 0.02372261339937836 0.036922487353267
0 0.5097002853604728 0.03755181985972844 0.03136816261359002 0.04172998313768934
2 0.5635289986778962 0.21934511946844035 0.08625181587967604 0.346354888751077
0 0.5775187703895179 0.07009275343915533 0.024580492142117123 0.04364255644641332
1 0.564047806122396 0.31216553402731817 0.020626723242220778 0.037488808554202065
0 0.6398458345746846 0.04449285790082646 0.020438370884855884 0.049935406127722404
2 0.07 0.9016666666666666 0.1075 0.19666666666666666
2 0.016875 0.7033333333333334 0.03375 0.34
2 0.1280221612914862 0.7168588657167481 0.06965249776556788 0.33496642566260637
2 0.115625 0.5466666666666666 0.09125 0.25333333333333335
2 0.034375 0.5225 0.06875 0.205
0 0.06185259785113033 0.8524587612550768 0.026150700413382993 0.05291602796603911
0 0.07997759785113033 0.8540074316229864 0.023520567741702792 0.06681568250030769
0 0.12592117551763052 0.5796047723588054 0.02330138229927485 0.04270241826012068
0 0.00875 0.5625 0.0175 0.055
0 0.115625 0.42833333333333334 0.01625 0.016666666666666666
1 0.1264930329211529 0.7785789348098944 0.02048117402800898 0.03332214188753539
0 0.022962218363580825 0.7454940629211282 0.020380151199171196 0.04826873946105574
1 0.49649638676813923 0.7466638066986606 0.03500172324222064 0.03871706436323393
0 0.5390221427639952 0.5162676068217074 0.03543837088485589 0.05121706436323374
2 0.535 0.6558333333333334 0.13 0.34833333333333333