2 0.10625 0.18 0.2075 0.36
1 0.13859614567390097 0.20253133029259507 0.051595528384793 0.05620726125500179
2 0.68 0.3908333333333333 0.25 0.15833333333333333
0 0.693375983388529 0.3624120469012889 0.07992661257154282 0.09246564396342043
2 0.175 0.8141666666666667 0.35 0.37166666666666665
0 0.01625 0.7041666666666667 0.0325 0.125
1 0.2862534993147189 0.9392491184126787 0.030096877872743448 0.03396245592063394
1 0.426875 0.9508333333333333 0.02625 0.03166666666666667
2 0.95375 0.8208333333333333 0.0925 0.35833333333333334
2 0.8725 0.84 0.1325 0.32
2 0.7475 0.6575 0.0875 0.375
2 0.594375 0.5966666666666667 0.07875 0.25333333333333335
2 0.471875 0.8183333333333334 0.06375 0.36333333333333334
2 0.529375 0.565 0.07375 0.19
0 0.455625 0.6775 0.03125 0.06833333333333333
0 0.6115643752522026 0.9206273346476734 0.04720819994353036 0.0839283749516892
0 0.6561930235466442 0.7471407744879067 0.03401655995482429 0.06673455353692095
0 0.6806822276430424 0.5890454578019159 0.030897724175455606 0.05229578925396727
0 0.8358519097251232 0.5732794612035669 0.027772724175455607 0.05195566723360855
0 0.87117453088475 0.7278370962763743 0.038646374687505446 0.07304405769875644
0 0.8556452423192538 0.5226841445175759 0.027736322070786912 0.051122333900275214
1 0.585148524514274 0.6196751305244863 0.02024248629141823 0.036207398788819206
1 0.482412785662607 0.7432980145600315 0.025976692605424533 0.03931961842546495
1 0.989375 0.9858333333333333 0.02125 0.028333333333333332
1 0.7476491077333938 0.7236029553409058 0.027226692605424603 0.03945566723360855
1 0.5187831539796364 0.6007298526221422 0.02068547576807461 0.03210875652622425
2 0.59 0.925 0.1375 0.15