2 0.35125 0.1925 0.09 0.385
1 0.10409024521413855 0.0679757334042741 0.03607648069894452 0.06302452798446401
1 0.3350181201385273 0.2205738262699367 0.02699189886008327 0.0435183959883481
0 0.2689405943029717 0.35638040700354395 0.04587334475663894 0.08755490750411203
2 0.68625 0.22 0.2875 0.44
1 0.684375 0.39666666666666667 0.08625 0.08666666666666667
1 0.35265165630830525 0.8230228261466784 0.0693469510636666 0.07264298006499852
2 0.36125 0.72 0.2175 0.56
1 0.19787351983352763 0.5658726113140298 0.023677787385944383 0.032563825037354284
2 0.6 0.9091666666666667 0.11 0.18166666666666667
2 0.5175971261405553 0.6690565521253166 0.07733118381369479 0.38690663682579357
2 0.6360120217333887 0.7194252751306861 0.07144433715719473 0.3716884091140048
1 0.6296155062320552 0.7996192553189428 0.02122142849536118 0.03496683494322572
1 0.508962457295722 0.7343475224077017 0.02187552256830557 0.0366577491334246
0 0.5215237808514444 0.515674723744919 0.02783510440716668 0.056042643511880166
0 0.5987281370072497 0.8516164697818168 0.031716027735416645 0.06368812865307272
0 0.6372059238607222 0.5794737701777503 0.025233275151861106 0.05011232008441842