2 0.305625 0.2808333333333333 0.17375 0.37833333333333335
1 0.28185087460890956 0.4196456263161543 0.04716782167064423 0.0487763410250138
1 0.07918310852073844 0.30227683937968713 0.024652405128112634 0.028232889848637227
1 0.1446043396208421 0.3014798191838911 0.025960624813797323 0.030025848963477795
1 0.39150672622146376 0.3114107682213735 0.0264982952852705 0.027588995187564743
1 0.45222077899221147 0.2670785435997803 0.02468151497095505 0.029066223181970562
2 0.736875 0.15666666666666668 0.09375 0.31333333333333335
2 0.6 0.09583333333333334 0.105 0.19166666666666668
1 0.5745118403656528 0.07885254261264549 0.020452064185166704 0.03279086628002877
1 0.7187361214247788 0.17555355417070587 0.02366439371369381 0.035606597400463326
1 0.05141939669293663 0.5564981563425249 0.06997433664159913 0.0776531255347235
2 0.63625 0.7825 0.11 0.435
0 0.6346111399522699 0.6091234646676269 0.03756166617012617 0.07686952188220232
1 0.6090733768433417 0.9123056407123803 0.031630151199171196 0.04969768542284006
2 0.833125 0.8241666666666667 0.17375 0.3516666666666667
2 0.581875 0.6433333333333333 0.09375 0.3466666666666667
1 0.5750426178682428 0.7098066248354521 0.02847604135632885 0.048548620969071976
2 0.55 0.5833333333333334 0.06 0.22666666666666666
1 0.5464005336659636 0.5848200413787269 0.02290926104201354 0.04964697161895629
2 0.735 0.5791666666666667 0.0825 0.21833333333333332
1 0.7323457419372293 0.5568989461582371 0.02366439371369367 0.03560659740046352
2 0.6625 0.6108333333333333 0.0975 0.2816666666666667
0 0.655625 0.49083333333333334 0.03125 0.041666666666666664
2 0.649375 0.5191666666666667 0.06875 0.09833333333333333
2 0.783125 0.535 0.06125 0.13
2 0.835 0.5808333333333333 0.085 0.22166666666666668
1 0.8344382041374365 0.5582096320746447 0.024405833085063194 0.039003076957883805
2 0.869375 0.5241666666666667 0.06875 0.10833333333333334
2 0.92375 0.5691666666666667 0.0725 0.19833333333333333
1 0.9190306663376439 0.5612884122654868 0.02389727245643243 0.04227326406713019